Artist: OxT
AssetId: rbxassetid://1417103795
CoverImageAssetId: ''
Description: ''
Filename: Clattanoia
HitSFXGroup: 0
Mapper: ArcadeSona
MD5Hash: 3303a0e51cffb624c8dd89daafca9e6c
NotePrebufferTime: 1000
TimeOffset: -66
Volume: 0.5
Difficulty:
- Overall: 35
  Chordjack: 30.22829818725586
  Handstream: 31.02029914855957
  Jack: 24.142497253417968
  Jumpstream: 38.72069892883301
  Stamina: 33.738512420654295
  Stream: 38.41469879150391
  Technical: 38.411996841430664
  Rate: 100
