Artist: Blind Fury
AssetId: rbxassetid://130133219998469
CoverImageAssetId: rbxassetid://8359931715
Description: ''
Filename: The End (Speed up ver.)
HitSFXGroup: 0
Mapper: Fullerene
MD5Hash: 27612bf98aba15eae1eb5b444981acb7
NotePrebufferTime: 1000
TimeOffset: -70
Volume: 0.5
Difficulty:
- Overall: 52
  Chordjack: 35.65169563293457
  Handstream: 34.22969741821289
  Jack: 30.980700302124024
  Jumpstream: 53.1323959350586
  Stamina: 53.079266738891604
  Stream: 46.01519508361817
  Technical: 45.66959266662598
  Rate: 100
