Artist: aaaa + yadorigi
AssetId: rbxassetid://10698546806
CoverImageAssetId: ''
Description: ''
Filename: Sakase natsuzora, koi no hana. (LN)
HitSFXGroup: 0
MD5Hash: e4002a36e96d3893c3609c16cfb3c17b
NotePrebufferTime: 1000
TimeOffset: -70
Volume: 0.5
Difficulty:
- Overall: 0
  Chordjack: 16.15590019226074
  Handstream: 18.404097747802734
  Jack: 20.26439723968506
  Jumpstream: 25.132497596740723
  Stamina: 22.48113441467285
  Stream: 22.9202974319458
  Technical: 26.869496154785157
  Rate: 100
