Artist: Kurokotei
AssetId: rbxassetid://9512697837
CoverImageAssetId: ''
Description: ''
Filename: Lusamine in a Perfect World (EVENT)
HitSFXGroup: 0
Mapper: RCS Megacollab
MD5Hash: be043960ce8f5c22e05b41e413454768
NotePrebufferTime: 1000
TimeOffset: -75
Volume: 0.5
Difficulty:
- Overall: 36
  Chordjack: 26.969392776489258
  Handstream: 28.927798461914062
  Jack: 22.350596237182618
  Jumpstream: 38.89799423217774
  Stamina: 38.85909576416016
  Stream: 34.08479804992676
  Technical: 35.603094863891606
  Rate: 100
