Artist: A?
AssetId: rbxassetid://13873085833
CoverImageAssetId: ''
Description: ''
Filename: Arrogation (Cut Ver).
HitSFXGroup: 0
Mapper: selling femboys
MD5Hash: 0ed1e080de9643ff57a257eaa51dd45c
NotePrebufferTime: 1000
TimeOffset: -75
Volume: 0.5
Difficulty:
- Overall: 50
  Chordjack: 52.01279296875
  Handstream: 26.860495948791506
  Jack: 37.75050315856934
  Jumpstream: 38.057399368286134
  Stamina: 48.66930313110352
  Stream: 30.556803131103518
  Technical: 36.48149642944336
  Rate: 100
