Artist: meganeko
AssetId: rbxassetid://10049020428
CoverImageAssetId: ''
Description: ''
Filename: nano love
HitSFXGroup: 0
Mapper: popop614
MD5Hash: d61408a979e5356767c7a1b9baa64659
NotePrebufferTime: 1000
TimeOffset: -140
Volume: 0.5
Difficulty:
- Overall: 45
  Chordjack: 29.868300247192384
  Handstream: 27.537294960021974
  Jack: 22.804197692871096
  Jumpstream: 34.99649505615235
  Stamina: 43.98881149291992
  Stream: 48.27509307861328
  Technical: 45.56700096130371
  Rate: 100
