Artist: myon
AssetId: rbxassetid://74713686806792
CoverImageAssetId: ''
Description: ''
Filename: Plastic Mind (LIGHT)
HitSFXGroup: 0
Mapper: -Tsunimo
MD5Hash: 6dfebee3b13fb2f1be114a92a355737c
NotePrebufferTime: 1000
TimeOffset: -2850
Volume: 0.5
Difficulty:
- Overall: 31
  Chordjack: 25.06139545440674
  Handstream: 33.65639991760254
  Jack: 22.171496772766115
  Jumpstream: 36.30599670410157
  Stamina: 33.659901809692386
  Stream: 36.73259925842285
  Technical: 35.605800247192384
  Rate: 100
