Artist: Various Artists
AssetId: rbxassetid://0
CoverImageAssetId: ''
Description: ''
Filename: Chordjack Joker Dan I
HitSFXGroup: 0
Mapper: '[Crz]Rachel&Ice V'
MD5Hash: 5a4e3c1e527520b8804c89b0f3712694
NotePrebufferTime: 1000
TimeOffset: -75
Volume: 0.5
Difficulty:
- Overall: 35
  Chordjack: 40.18589744567871
  Handstream: 32.01120071411133
  Jack: 25.721994781494143
  Jumpstream: 32.06790046691895
  Stamina: 40.145714950561526
  Stream: 25.508693504333497
  Technical: 31.7718017578125
  Rate: 100
