Artist: Various Artists
AssetId: rbxassetid://0
CoverImageAssetId: ''
Description: ''
Filename: Dan ~ REFORM ~ 2nd Pack Alpha (no audio)
HitSFXGroup: 0
Mapper: DDMythical
MD5Hash: 3571f52a586091be0c3d6fb7f77f5455
NotePrebufferTime: 1000
TimeOffset: -75
Volume: 0.5
Difficulty:
- Overall: 45
  Chordjack: 38.796291732788085
  Handstream: 37.66589813232422
  Jack: 31.17960090637207
  Jumpstream: 48.08609733581543
  Stamina: 48.03801498413086
  Stream: 46.176292419433594
  Technical: 45.704693984985354
  Rate: 100
