Artist: Cranky VS MASAKI
AssetId: rbxassetid://10049364145
CoverImageAssetId: --FILL IN COVERART ASSETID HERE--
Description: ''
Filename: 'Ouroboros '
HitSFXGroup: 0
Mapper: horrortic
MD5Hash: 81456890de8878924c644abbfc17a224
NotePrebufferTime: 900
TimeOffset: -100
Volume: 0.5
Difficulty:
- Overall: 43
  Chordjack: 31.664702224731446
  Handstream: 31.12200164794922
  Jack: 29.32649917602539
  Jumpstream: 39.81599807739258
  Stamina: 39.031601715087895
  Stream: 32.05440101623535
  Technical: 38.038499450683595
  Rate: 100
