Artist: DJ Kurara
AssetId: rbxassetid://10024128520
CoverImageAssetId: ''
Description: ''
Filename: Japanese Transformation (HEAVY)
HitSFXGroup: 0
Mapper: XeoStyle
MD5Hash: f70b9e9fa5880a7a75cf39413ca2888b
NotePrebufferTime: 1000
TimeOffset: -200
Volume: 0.5
Difficulty:
- Overall: 45
  Chordjack: 37.47420043945313
  Handstream: 40.02300109863281
  Jack: 31.383901977539065
  Jumpstream: 47.668496704101564
  Stamina: 47.62082977294922
  Stream: 40.1471981048584
  Technical: 42.44220085144043
  Rate: 100
