Artist: FELE
AssetId: rbxassetid://10017770961
CoverImageAssetId: rbxassetid://6133123800
Description: ''
Filename: Peter on crack (Speed Up Ver.)
HitSFXGroup: 0
Mapper: Jole
MD5Hash: b0852b5e887a16af34a57e00dd4e4200
NotePrebufferTime: 1000
TimeOffset: -75
Volume: 0.5
Difficulty:
- Overall: 60
  Chordjack: 39.584694671630864
  Handstream: 42.56909294128418
  Jack: 34.6976978302002
  Jumpstream: 60.14879379272461
  Stamina: 60.08865051269532
  Stream: 46.157395935058595
  Technical: 52.111793518066406
  Rate: 100
