Artist: xi
AssetId: rbxassetid://10049421136
CoverImageAssetId: ''
Description: ''
Filename: Glorious Crown (HEAVY)
HitSFXGroup: 0
Mapper: R1
MD5Hash: d700db49a984ee2b4c76e510f5b8e9e5
NotePrebufferTime: 880
TimeOffset: -150
Volume: 0.5
Difficulty:
- Overall: 34
  Chordjack: 28.12049388885498
  Handstream: 31.2714054107666
  Jack: 20.885397720336915
  Jumpstream: 39.427198791503905
  Stamina: 36.99112815856934
  Stream: 34.63559761047363
  Technical: 35.73540115356445
  Rate: 100
