Artist: Chroma
AssetId: rbxassetid://10024158617
CoverImageAssetId: ''
Description: ''
Filename: Dark Sheep (EXTRA)
HitSFXGroup: 0
Mapper: Feylos
MD5Hash: 016ab490de8ebc48ab26a0658d7f37ce
NotePrebufferTime: 1000
TimeOffset: -75
Volume: 0.5
Difficulty:
- Overall: 48
  Chordjack: 40.84739799499512
  Handstream: 43.0901985168457
  Jack: 33.10739936828613
  Jumpstream: 48.78899574279785
  Stamina: 48.74020957946777
  Stream: 46.56419906616211
  Technical: 45.9161979675293
  Rate: 100
