Artist: saikoro
AssetId: rbxassetid://10017718798
CoverImageAssetId: rbxassetid://6550626825
Description: ''
Filename: far in the blue sky...
HitSFXGroup: 0
Mapper: Einar
MD5Hash: 4859d5a06e5e94810d5f340404f36e76
NotePrebufferTime: 750
TimeOffset: -75
Volume: 0.5
Difficulty:
- Overall: 39
  Chordjack: 33.24329681396485
  Handstream: 41.27759857177735
  Jack: 30.59190101623535
  Jumpstream: 36.86309623718262
  Stamina: 40.01194610595703
  Stream: 28.372494506835938
  Technical: 37.31219673156738
  Rate: 100
