Artist: Kotori
AssetId: rbxassetid://4485501404
CoverImageAssetId: ''
Description: ''
Filename: Nanamori (youth Remix) (LIGHT)
HitSFXGroup: 0
MD5Hash: b912d1e96daa43e8a87abfeb0b18ab82
NotePrebufferTime: 1000
TimeOffset: 510
Volume: 0.5
Difficulty:
- Overall: 16
  Chordjack: 13.428900432586671
  Handstream: 10.115101146697999
  Jack: 11.39220085144043
  Jumpstream: 21.278697967529297
  Stamina: 20.507030296325684
  Stream: 18.119699478149414
  Technical: 18.467996978759768
  Rate: 100
