Artist: Shaman Cure-All
AssetId: rbxassetid://13872446827
CoverImageAssetId: ''
Description: ''
Filename: Tuk Tuk Boshi
HitSFXGroup: 0
Mapper: Lynessa
MD5Hash: 008ebad228cfe48e352540d2868f8db3
NotePrebufferTime: 1000
TimeOffset: -75
Volume: 0.5
Difficulty:
- Overall: 54
  Chordjack: 58.21919631958008
  Handstream: 39.3569995880127
  Jack: 35.49960021972657
  Jumpstream: 36.809095001220705
  Stamina: 55.63367042541504
  Stream: 32.49990005493164
  Technical: 37.817996978759766
  Rate: 100
