Artist: Laur
AssetId: rbxassetid://13646502528
CoverImageAssetId: ''
Description: ''
Filename: SYSTEM ERROR
HitSFXGroup: 0
Mapper: jianawesome22
MD5Hash: 428c4cbcc537c0956fe9e3d33e61b32f
NotePrebufferTime: 1000
TimeOffset: -75
Volume: 0.5
Difficulty:
- Overall: 41
  Chordjack: 31.986903762817384
  Handstream: 38.88989524841309
  Jack: 28.0673921585083
  Jumpstream: 43.0721981048584
  Stamina: 43.02912826538086
  Stream: 39.95999794006348
  Technical: 41.70420112609863
  Rate: 100
