Artist: DJ Sharpnel
AssetId: rbxassetid://10029223028
CoverImageAssetId: ''
Description: ''
Filename: Pacific Girls (LIGHT)
HitSFXGroup: 0
Mapper: IcyWorld
MD5Hash: 212b05814a824865b4d68f19850f2592
NotePrebufferTime: 1000
TimeOffset: -70
Volume: 0.5
Difficulty:
- Overall: 40
  Chordjack: 27.90089263916016
  Handstream: 33.29279708862305
  Jack: 23.28119487762451
  Jumpstream: 40.81140060424805
  Stamina: 40.77058982849121
  Stream: 35.27189483642578
  Technical: 35.65709609985352
  Rate: 100
