Artist: Camellia
AssetId: rbxassetid://10024093546
CoverImageAssetId: rbxassetid://8359913843
Description: ''
Filename: I Can Fly In The Universe
HitSFXGroup: 0
MD5Hash: e5011519771a44622a3f42396fc36e6f
NotePrebufferTime: 1000
TimeOffset: -150
Volume: 0.5
Difficulty:
- Overall: 52
  Chordjack: 43.51229667663574
  Handstream: 44.19269714355469
  Jack: 30.24090156555176
  Jumpstream: 45.251092529296876
  Stamina: 44.74190711975098
  Stream: 39.45779914855957
  Technical: 44.78669357299805
  Rate: 100
