Artist: MisoilePunch
AssetId: rbxassetid://10813532294
CoverImageAssetId: ''
Description: ''
Filename: MixxioN
HitSFXGroup: 0
Mapper: A_scend x aewyuii
MD5Hash: 785c53e7b7c9388fd5f732160484c534
NotePrebufferTime: 1000
TimeOffset: -75
Volume: 0.5
Difficulty:
- Overall: 44
  Chordjack: 36.96389579772949
  Handstream: 40.62509307861328
  Jack: 28.85040321350098
  Jumpstream: 44.55899848937988
  Stamina: 42.48345794677734
  Stream: 37.15379791259766
  Technical: 42.88409843444824
  Rate: 100
