Artist: weyheyhey !!
AssetId: rbxassetid://10719060441
CoverImageAssetId: ''
Description: ''
Filename: I'm Your Daddy
HitSFXGroup: 0
Mapper: Hydria
MD5Hash: 999c6c8a7ca4ababc446801a05831d70
NotePrebufferTime: 1000
TimeOffset: -120
Volume: 0.5
Difficulty:
- Overall: 35
  Chordjack: 28.177193641662598
  Handstream: 34.84260063171387
  Jack: 22.078797912597658
  Jumpstream: 39.390298461914064
  Stamina: 38.30121688842774
  Stream: 37.36799697875977
  Technical: 39.052798461914065
  Rate: 100
