Artist: t+pazolite
AssetId: rbxassetid://5100734468
CoverImageAssetId: ''
Description: ''
Filename: Tempestissimo (HEAVY)
HitSFXGroup: 0
Mapper: 'codychanisawesome'
MD5Hash: a3d890881cbfe19180d1d402b082d6d9
NotePrebufferTime: 1000
TimeOffset: -70
Volume: 0.5
Difficulty:
- Overall: 30
  Chordjack: 22.06439552307129
  Handstream: 21.90509548187256
  Jack: 19.62989730834961
  Jumpstream: 28.768500137329102
  Stamina: 25.84647159576416
  Stream: 24.6878963470459
  Technical: 28.783798599243166
  Rate: 100
