Artist: Silentroom
AssetId: rbxassetid://12994149538
CoverImageAssetId: ''
Description: ''
Filename: Protoflicker
HitSFXGroup: 0
Mapper: aewyuii
MD5Hash: 0b39e9bbf388e7ded23c0dd398ad81b2
NotePrebufferTime: 1000
TimeOffset: -75
Volume: 0.5
Difficulty:
- Overall: 38
  Chordjack: 37.34369659423828
  Handstream: 30.114905548095702
  Jack: 22.825797843933106
  Jumpstream: 32.2064998626709
  Stamina: 35.32650375366211
  Stream: 24.07049560546875
  Technical: 28.77390232086182
  Rate: 100
