Artist: Camellia feat. Nanahira
AssetId: rbxassetid://13155732442
CoverImageAssetId: ''
Description: ''
Filename: Infiniti Mofulity
HitSFXGroup: 0
Mapper: '[Crz]Rachel'
MD5Hash: 370f296d40f2d621bc58fe1c32e42b40
NotePrebufferTime: 1000
TimeOffset: -75
Volume: 0.5
Difficulty:
- Overall: 50
  Chordjack: 35.40510063171387
  Handstream: 32.68079681396485
  Jack: 30.71700439453125
  Jumpstream: 40.57109527587891
  Stamina: 44.945051193237305
  Stream: 51.47189483642578
  Technical: 45.98279914855957
  Rate: 100
