Artist: Kokonatsu Produced
AssetId: rbxassetid://10698127035
CoverImageAssetId: ''
Description: ''
Filename: Kokonatsu wa yume no katachi (LIGHT)
HitSFXGroup: 0
MD5Hash: 1157a0f9532525a3b41371a0202ea808
NotePrebufferTime: 1000
TimeOffset: -510
Volume: 0.5
Difficulty:
- Overall: 22
  Chordjack: 15.659100151062011
  Handstream: 13.040101146697998
  Jack: 14.16330213546753
  Jumpstream: 26.531994438171388
  Stamina: 24.637407302856445
  Stream: 22.137298393249512
  Technical: 23.63039531707764
  Rate: 100
