Artist: Nakiri Ayame
AssetId: rbxassetid://13025232317
CoverImageAssetId: ''
Description: ''
Filename: Good-bye sengen
HitSFXGroup: 0
Mapper: Xingyue
MD5Hash: fc37bc629220599350551ad21387509f
NotePrebufferTime: 1000
TimeOffset: -75
Volume: 0.5
Difficulty:
- Overall: 42
  Chordjack: 29.169902801513672
  Handstream: 30.303901290893556
  Jack: 20.902498626708987
  Jumpstream: 42.210001373291014
  Stamina: 38.84194679260254
  Stream: 41.88149642944336
  Technical: 39.843000411987305
  Rate: 100
