Artist: sanntai489
AssetId: rbxassetid://10024450020
CoverImageAssetId: ''
Description: ''
Filename: Windows RED ZONE
HitSFXGroup: 0
Mapper: KcHecKa
MD5Hash: 4e4fd9f784943dff4f86085c8550f26a
NotePrebufferTime: 800
TimeOffset: -50
Volume: 0.4
Difficulty:
- Overall: 46
  Chordjack: 36.7748966217041
  Handstream: 26.15489559173584
  Jack: 40.142700576782225
  Jumpstream: 36.06749725341797
  Stamina: 23.764478302001955
  Stream: 29.84670181274414
  Technical: 37.108798599243165
  Rate: 100
