Artist: maras k
AssetId: rbxassetid://10698492121
CoverImageAssetId: ''
Description: ''
Filename: Play Time!! (HEAVY)
HitSFXGroup: 0
MD5Hash: aecba90e17db9e126f41608a47aca916
NotePrebufferTime: 1000
TimeOffset: -70
Volume: 0.5
Difficulty:
- Overall: 17
  Chordjack: 14.806801414489746
  Handstream: 16.328699684143068
  Jack: 13.538701915740967
  Jumpstream: 24.65189552307129
  Stamina: 24.017205047607423
  Stream: 21.87809658050537
  Technical: 23.777996635437013
  Rate: 100
