Artist: Camellia
AssetId: rbxassetid://9512641280
CoverImageAssetId: rbxassetid://8351817936
Description: ''
Filename: We Could Get More Machinegun Psystyle! (And More Genre Switches)
HitSFXGroup: 0
Mapper: A_scend
MD5Hash: 4fe935c1974d141b624ea80e0847e872
NotePrebufferTime: 1000
TimeOffset: -75
Volume: 0.5
Difficulty:
- Overall: 43
  Chordjack: 32.77259788513184
  Handstream: 42.53039703369141
  Jack: 24.232497596740725
  Jumpstream: 40.38749656677246
  Stamina: 42.48786964416504
  Stream: 36.729897308349614
  Technical: 41.74740142822266
  Rate: 100
