Artist: Cres
AssetId: rbxassetid://13873076240
CoverImageAssetId: ''
Description: ''
Filename: End Time (Short Cut)
HitSFXGroup: 0
Mapper: Fullerene
MD5Hash: aef22842eb847996b83d9938536fa208
NotePrebufferTime: 1000
TimeOffset: -75
Volume: 0.5
Difficulty:
- Overall: 56
  Chordjack: 38.558698654174805
  Handstream: 32.52240142822266
  Jack: 33.83909912109375
  Jumpstream: 41.27220153808594
  Stamina: 52.06792373657227
  Stream: 57.45149917602539
  Technical: 51.941694259643555
  Rate: 100
