Artist: Sakuzyo
AssetId: rbxassetid://10023958266
CoverImageAssetId: rbxassetid://8357330170
Description: ''
Filename: Fracture Ray (LIGHT)
HitSFXGroup: 0
Mapper: rinstea
MD5Hash: d5d0d0f74afc712c6ec517a04402749d
NotePrebufferTime: 1000
TimeOffset: -70
Volume: 0.5
Difficulty:
- Overall: 18
  Chordjack: 13.072500514984132
  Handstream: 12.600899505615235
  Jack: 16.366499519348146
  Jumpstream: 20.907897377014162
  Stamina: 16.40292091369629
  Stream: 19.18439826965332
  Technical: 20.968196868896484
  Rate: 100
