Artist: NayutalieN
AssetId: rbxassetid://13867583142
CoverImageAssetId: ''
Description: ''
Filename: Solar System Disco
HitSFXGroup: 0
Mapper: '- Ran Mitake -'
MD5Hash: eb9ea981f79b38d9a86029e9af0413bb
NotePrebufferTime: 1000
TimeOffset: -75
Volume: 0.5
Difficulty:
- Overall: 60
  Chordjack: 58.88429489135742
  Handstream: 35.43029365539551
  Jack: 34.14509925842285
  Jumpstream: 36.04859733581543
  Stamina: 58.8254150390625
  Stream: 30.2283016204834
  Technical: 35.407795715332036
  Rate: 100
