Artist: sakuzyo
AssetId: rbxassetid://10044086192
CoverImageAssetId: ''
Description: ''
Filename: Rainbow Night Sky Highway (EXTRA)
HitSFXGroup: 0
MD5Hash: 7579e1a5b5a9439af685fc544c41127e
NotePrebufferTime: 1000
TimeOffset: -140
Volume: 0.5
Difficulty:
- Overall: 33
  Chordjack: 23.87249622344971
  Handstream: 33.12629585266114
  Jack: 18.958498764038087
  Jumpstream: 35.44919700622559
  Stamina: 34.30823593139649
  Stream: 30.9033016204834
  Technical: 32.370299148559575
  Rate: 100
