Artist: TheFatRat, Slaydit & Anjulie
AssetId: rbxassetid://13582446644
CoverImageAssetId: ''
Description: ''
Filename: Stronger
HitSFXGroup: 0
Mapper: Girls frontline
MD5Hash: 7cdb95a77e2dd9944ceadeeb5b351ff1
NotePrebufferTime: 1000
TimeOffset: -75
Volume: 0.5
Difficulty:
- Overall: 68
  Chordjack: 64.89359664916992
  Handstream: 35.31149368286133
  Jack: 38.790002059936526
  Jumpstream: 35.697601318359375
  Stamina: 60.62770156860352
  Stream: 32.22719879150391
  Technical: 39.17159843444824
  Rate: 100
