Artist: Ariabl'eyeS
AssetId: rbxassetid://10017739239
CoverImageAssetId: rbxassetid://8357133442
Description: ''
Filename: Shuuen no Kane
HitSFXGroup: 0
Mapper: '[Crz]Rachel'
MD5Hash: ccd4ca19e4aa9dd12fb17f4fb7263808
NotePrebufferTime: 1000
TimeOffset: -70
Volume: 0.5
Difficulty:
- Overall: 62
  Chordjack: 42.00209541320801
  Handstream: 57.91589126586914
  Jack: 35.82089538574219
  Jumpstream: 57.22649230957031
  Stamina: 57.85797271728516
  Stream: 52.1378963470459
  Technical: 52.13159294128418
  Rate: 100
