Artist: sana
AssetId: rbxassetid://13867489115
CoverImageAssetId: ''
Description: ''
Filename: Kotonoha Clinic
HitSFXGroup: 0
Mapper: Ska
MD5Hash: f80287aa8fd3c957857ae64f223442b1
NotePrebufferTime: 1000
TimeOffset: -75
Volume: 0.5
Difficulty:
- Overall: 48
  Chordjack: 31.976099395751955
  Handstream: 31.583702087402344
  Jack: 26.29079990386963
  Jumpstream: 41.866201400756836
  Stamina: 47.471978759765626
  Stream: 48.89969329833985
  Technical: 46.97999725341797
  Rate: 100
