Artist: Camellia
AssetId: rbxassetid://9512725923
CoverImageAssetId: ''
Description: ''
Filename: 'Heart of Android : Even If It''s Only By Mechanism'
HitSFXGroup: 0
Mapper: A_scend
MD5Hash: 56485ab5f05e77cca964fd95b6692430
NotePrebufferTime: 1000
TimeOffset: -75
Volume: 0.5
Difficulty:
- Overall: 41
  Chordjack: 26.597694396972656
  Handstream: 28.216792488098147
  Jack: 25.114497184753418
  Jumpstream: 39.14909706115723
  Stamina: 38.76917266845703
  Stream: 41.75909843444824
  Technical: 41.64930038452149
  Rate: 100
