Artist: "Chroma \u9ED2\u9B54"
AssetId: rbxassetid://10693784080
CoverImageAssetId: rbxassetid://6647254820
Description: GRAVITY!!! SOUND VOLTEX III GRAVITY WARS
Filename: Sayonara Planet Wars
HitSFXGroup: 0
Mapper: "Leo137"
MD5Hash: a1c1a3b57b35eed110e407bfbd64be85
NotePrebufferTime: 800
TimeOffset: -75
Volume: 0.5
Difficulty:
- Overall: 44
  Chordjack: 31.535101318359377
  Handstream: 35.77229461669922
  Jack: 30.513599395751953
  Jumpstream: 46.444496154785156
  Stamina: 45.27940979003906
  Stream: 37.49669494628906
  Technical: 40.94100151062012
  Rate: 100
