Artist: Camellia
AssetId: rbxassetid://10023989463
CoverImageAssetId: rbxassetid://8359946420
Description: ''
Filename: Blastix Riotz EXHAUST (LIGHT)
HitSFXGroup: 0
Mapper: Fresh Chicken
MD5Hash: 81aef17733520cd3c94217f6f2155671
NotePrebufferTime: 1000
TimeOffset: -70
Volume: 0.5
Difficulty:
- Overall: 35
  Chordjack: 24.86429557800293
  Handstream: 23.143496704101562
  Jack: 27.282595825195312
  Jumpstream: 34.52039909362793
  Stamina: 33.36590766906738
  Stream: 34.43399505615235
  Technical: 37.05749588012696
  Rate: 100
