Artist: saikoro
AssetId: rbxassetid://10017718798
CoverImageAssetId: rbxassetid://6550626825
Description: ''
Filename: far in the blue sky...
HitSFXGroup: 0
Mapper: Einar
MD5Hash: 1f65caaf118f4df9a265d36763c53839
NotePrebufferTime: 750
TimeOffset: -75
Volume: 0.5
Difficulty:
- Overall: 43
  Chordjack: 39.55859870910645
  Handstream: 40.51259651184082
  Jack: 32.37570304870606
  Jumpstream: 35.48429489135742
  Stamina: 39.2198112487793
  Stream: 28.55159397125244
  Technical: 38.16540184020996
  Rate: 100
