Artist: Camellia ft. Nanahira
AssetId: rbxassetid://7316388708
CoverImageAssetId: rbxassetid://8356786867
Description: ''
Filename: Looking For A New Adventure
HitSFXGroup: 0
Mapper: A_scend
MD5Hash: b27e8ff2426e4f6507f64121f09db44d
NotePrebufferTime: 1000
TimeOffset: -75
Volume: 0.5
Difficulty:
- Overall: 47
  Chordjack: 33.21449546813965
  Handstream: 31.319999313354494
  Jack: 25.98479976654053
  Jumpstream: 47.168096923828124
  Stamina: 46.58128280639649
  Stream: 50.2226978302002
  Technical: 46.69829750061035
  Rate: 100
