Artist: rei sirose
AssetId: rbxassetid://13867573030
CoverImageAssetId: ''
Description: ''
Filename: Lost Umbrella (Cut Ver.)(EXTRA IV)
HitSFXGroup: 0
Mapper: Monheim
MD5Hash: 4003286acd6c8fdf016feb79f8e35b4f
NotePrebufferTime: 1000
TimeOffset: -75
Volume: 0.5
Difficulty:
- Overall: 47
  Chordjack: 48.33179626464844
  Handstream: 38.82690238952637
  Jack: 24.92009754180908
  Jumpstream: 39.5531982421875
  Stamina: 45.200325393676756
  Stream: 27.601194190979005
  Technical: 32.32349739074707
  Rate: 100
