Artist: Camellia
AssetId: rbxassetid://10024165973
CoverImageAssetId: ''
Description: ''
Filename: Fastest Crash (Cut)
HitSFXGroup: 0
Mapper: SunsetKR
MD5Hash: f57a1199164cb1418a96fbb1468026ef
NotePrebufferTime: 1000
TimeOffset: -70
Volume: 0.5
Difficulty:
- Overall: 47
  Chordjack: 33.32789840698242
  Handstream: 44.81279640197754
  Jack: 26.245800590515138
  Jumpstream: 47.263492584228516
  Stamina: 45.828650665283206
  Stream: 48.52079544067383
  Technical: 46.024200439453125
  Rate: 100
