Artist: -45, INNOCENT NOIZE
AssetId: rbxassetid://0
CoverImageAssetId: ''
Description: ''
Filename: G e n g a o z o -Noize of Nocent-
HitSFXGroup: 0
Mapper: Ena
MD5Hash: c8a1876c91d0c19f55c97f1c4f6ed608
NotePrebufferTime: 1000
TimeOffset: -75
Volume: 0.5
Difficulty:
- Overall: 72
  Chordjack: 68.7590950012207
  Handstream: 38.45789566040039
  Jack: 42.349496841430664
  Jumpstream: 39.99239730834961
  Stamina: 68.69034118652344
  Stream: 35.505896759033206
  Technical: 39.70349464416504
  Rate: 100
