Artist: Lite Show Magic
AssetId: rbxassetid://2810948982
CoverImageAssetId: ''
Description: ''
Filename: TRICKL4SH 220 (LIGHT)
Mapper: 'MeowPaz'
HitSFXGroup: 0
MD5Hash: 65ed2146090aa66c721f3bcd464a22e7
NotePrebufferTime: 1000
TimeOffset: -70
Volume: 0.5
Difficulty:
- Overall: 19
  Chordjack: 14.294702911376953
  Handstream: 14.25150089263916
  Jack: 13.644901084899903
  Jumpstream: 25.743594932556153
  Stamina: 23.433858489990236
  Stream: 23.483695220947265
  Technical: 24.80489559173584
  Rate: 100
