Artist: bobux man
AssetId: rbxassetid://9512736085
CoverImageAssetId: ''
Description: Made by A_scend
Filename: bobux dance
HitSFXGroup: 0
MD5Hash: cb2305decff8632ac5e89a5dc8b28c6a
NotePrebufferTime: 1000
TimeOffset: -70
Volume: 0.5
Difficulty:
- Overall: 32
  Chordjack: 25.131323432922365
  Handstream: 32.93101387023926
  Jack: 22.72225685119629
  Jumpstream: 36.53516464233399
  Stamina: 33.37530784606934
  Stream: 25.966653442382814
  Technical: 31.276778411865234
  Rate: 100
