Artist: void
AssetId: rbxassetid://10049433592
CoverImageAssetId: ''
Description: ''
Filename: Just Hold on
HitSFXGroup: 0
Mapper: Fullerene
MD5Hash: c63c2bca461ab7c5927548527fb192d7
NotePrebufferTime: 1000
TimeOffset: -70
Volume: 0.5
Difficulty:
- Overall: 39
  Chordjack: 35.573397445678715
  Handstream: 28.660494232177737
  Jack: 24.294596099853518
  Jumpstream: 41.62320098876953
  Stamina: 40.834743118286134
  Stream: 30.293100357055664
  Technical: 37.645195770263676
  Rate: 100
