Artist: Stellabee
AssetId: rbxassetid://1856198546
CoverImageAssetId: ''
Description: ''
Filename: caramelldansen remix (breakcore) (LIGHT)
HitSFXGroup: 0
MD5Hash: dd480b908f8b4806cc00de94042aafc9
NotePrebufferTime: 1000
TimeOffset: -70
Volume: 0.5
Difficulty:
- Overall: 11
  Chordjack: 10.175400638580323
  Handstream: 10.025100803375244
  Jack: 12.929400157928468
  Jumpstream: 15.434100151062012
  Stamina: 16.044641304016114
  Stream: 17.319597816467287
  Technical: 19.15199718475342
  Rate: 100
