Artist: linear ring
AssetId: rbxassetid://9512688538
CoverImageAssetId: ''
Description: ''
Filename: Enchanted Love
HitSFXGroup: 0
Mapper: A_scend
MD5Hash: 33d75cd674718c2bcf2fa26d52f74b77
NotePrebufferTime: 1000
TimeOffset: -75
Volume: 0.5
Difficulty:
- Overall: 49
  Chordjack: 35.384394836425784
  Handstream: 33.226199340820315
  Jack: 24.66089744567871
  Jumpstream: 45.224100494384764
  Stamina: 46.79042472839355
  Stream: 50.075996017456056
  Technical: 47.90969467163086
  Rate: 100
