Artist: laura les
AssetId: rbxassetid://0
CoverImageAssetId: ''
Description: ''
Filename: Haunted (dive to the heart remix) (LIGHT) (NO AUDIO)
HitSFXGroup: 0
Mapper: Monheim
MD5Hash: 7e15f9fabcf11d9c8b69e489829bd9c2
NotePrebufferTime: 1000
TimeOffset: -75
Volume: 0.5
Difficulty:
- Overall: 10
  Chordjack: 7.59600133895874
  Handstream: 9.510302066802979
  Jack: 7.164901256561279
  Jumpstream: 13.851900672912597
  Stamina: 12.650528526306152
  Stream: 11.334600734710694
  Technical: 13.430699443817138
  Rate: 100
