Artist: Le Perche Orielle
AssetId: rbxassetid://13867298608
CoverImageAssetId: ''
Description: ''
Filename: La joyeuse danse industrielle
HitSFXGroup: 0
Mapper: yeahitsryan
MD5Hash: 557bbc2a37a9343d7725fe532a2dbb57
NotePrebufferTime: 1000
TimeOffset: -75
Volume: 0.5
Difficulty:
- Overall: 32
  Chordjack: 26.713794136047365
  Handstream: 30.61080093383789
  Jack: 21.809696388244628
  Jumpstream: 33.21719741821289
  Stamina: 32.81681098937988
  Stream: 30.823200988769532
  Technical: 34.901095962524415
  Rate: 100
