Artist: Tyrfing
AssetId: rbxassetid://10024444064
CoverImageAssetId: ''
Description: ''
Filename: Verflucht
HitSFXGroup: 0
Mapper: rinstea
MD5Hash: 3cf52e0317454bab09c8b3ddaf3d15e6
NotePrebufferTime: 1000
TimeOffset: -70
Volume: 0.5
Difficulty:
- Overall: 46
  Chordjack: 44.07479667663574
  Handstream: 41.255100631713866
  Jack: 31.407299423217776
  Jumpstream: 42.74370002746582
  Stamina: 41.56955337524414
  Stream: 31.836600494384765
  Technical: 39.62970085144043
  Rate: 100
