Artist: Toby Fox
AssetId: rbxassetid://10719200522
CoverImageAssetId: ''
Description: ''
Filename: Snowy (EXTRA)
HitSFXGroup: 0
MD5Hash: ebe7e04972d1cde419a98ffc01dd6af7
NotePrebufferTime: 1000
TimeOffset: -70
Volume: 0.5
Difficulty:
- Overall: 8
  Chordjack: 5.126400518417358
  Handstream: 8.073900604248047
  Jack: 5.43240065574646
  Jumpstream: 10.268100357055664
  Stamina: 8.616698169708252
  Stream: 9.533700370788575
  Technical: 11.087999725341797
  Rate: 100
