Artist: Ranzor
AssetId: rbxassetid://10049431405
CoverImageAssetId: ''
Description: ''
Filename: That Was Too Slow (LIGHT)
HitSFXGroup: 0
Mapper: Quick Draw
MD5Hash: 2acd4c46344a92f9d6ba30b71d5c0e99
NotePrebufferTime: 1000
TimeOffset: -70
Volume: 0.5
Difficulty:
- Overall: 17
  Chordjack: 15.763501167297363
  Handstream: 13.988700199127198
  Jack: 16.23149814605713
  Jumpstream: 26.13329544067383
  Stamina: 23.8483829498291
  Stream: 26.219694328308105
  Technical: 26.28899574279785
  Rate: 100
