Artist: Jackal Queenston
AssetId: rbxassetid://10044139899
CoverImageAssetId: ''
Description: ''
Filename: Rubber Band (HEAVY)
HitSFXGroup: 0
MD5Hash: 43fcfbdfa7063495f2f9dc8d07165c66
NotePrebufferTime: 1000
TimeOffset: -70
Volume: 0.5
Difficulty:
- Overall: 26
  Chordjack: 17.24399642944336
  Handstream: 20.03759479522705
  Jack: 19.73609733581543
  Jumpstream: 28.572298049926758
  Stamina: 25.041819190979005
  Stream: 28.53179969787598
  Technical: 30.25350151062012
  Rate: 100
