Artist: cosMo@Bousou-P
AssetId: rbxassetid://77943251524473
CoverImageAssetId: ''
Description: ''
Filename: Oceanus
HitSFXGroup: 0
MD5Hash: 9e11e2d01b1cd84a85a90df826ffaa87
NotePrebufferTime: 1000
TimeOffset: -75
Volume: 0.5
Difficulty:
- Overall: 29
  Chordjack: 25.459193229675293
  Handstream: 30.780000686645508
  Jack: 21.28319721221924
  Jumpstream: 35.762396621704106
  Stamina: 35.72663612365723
  Stream: 30.21120414733887
  Technical: 31.96079750061035
  Rate: 100
