Artist: Silentroom
AssetId: rbxassetid://10049380366
CoverImageAssetId: ''
Description: ''
Filename: Finixe (HEAVY)
HitSFXGroup: 0
Mapper: tailsdk
MD5Hash: 3dd520357741fe7982bcd96eb2683f81
NotePrebufferTime: 1000
TimeOffset: -70
Volume: 0.5
Difficulty:
- Overall: 36
  Chordjack: 29.09429969787598
  Handstream: 35.49059829711914
  Jack: 23.288397789001465
  Jumpstream: 42.01109733581543
  Stamina: 40.6961368560791
  Stream: 37.89899711608887
  Technical: 36.063899230957034
  Rate: 100
