Artist: Camellia
AssetId: rbxassetid://10023989463
CoverImageAssetId: rbxassetid://8359946420
Description: ''
Filename: Blastix Riotz GRAVITY (HEAVY)
HitSFXGroup: 0
Mapper: Fresh Chicken
MD5Hash: a33778af9c78560226874ad87542e851
NotePrebufferTime: 1000
TimeOffset: -70
Volume: 0.5
Difficulty:
- Overall: 51
  Chordjack: 40.18319549560547
  Handstream: 39.10590019226074
  Jack: 34.065002059936525
  Jumpstream: 50.24609870910645
  Stamina: 47.004795455932616
  Stream: 37.03769645690918
  Technical: 46.24740142822266
  Rate: 100
