Artist: Sharlo & yealina
AssetId: rbxassetid://10698543358
CoverImageAssetId: ''
Description: ''
Filename: Kakushigoto (LIGHT)
HitSFXGroup: 0
MD5Hash: fe66de345dc75e1cc8faeeca16306012
NotePrebufferTime: 1000
TimeOffset: -75
Volume: 0.5
Difficulty:
- Overall: 19
  Chordjack: 15.24060001373291
  Handstream: 17.83799629211426
  Jack: 17.56889820098877
  Jumpstream: 25.97849636077881
  Stamina: 24.010566902160644
  Stream: 25.48169460296631
  Technical: 27.68129997253418
  Rate: 100
