Artist: UNDEAD CORPORATION
AssetId: rbxassetid://10064771868
CoverImageAssetId: ''
Description: ''
Filename: Embraced by the Flame
HitSFXGroup: 0
Mapper: '[Crz]Rachel'
MD5Hash: 5f9707232d2c6440b8f780aa037d5369
NotePrebufferTime: 1000
TimeOffset: -130
Volume: 0.5
Difficulty:
- Overall: 40
  Chordjack: 32.45940170288086
  Handstream: 50.05709266662598
  Jack: 28.3706937789917
  Jumpstream: 44.43749656677246
  Stamina: 50.00621910095215
  Stream: 39.3596981048584
  Technical: 41.914798736572266
  Rate: 100
