Artist: 9mm Parabellum Bullet
AssetId: rbxassetid://9512904363
CoverImageAssetId: ''
Description: ''
Filename: Inferno (HEAVY)
HitSFXGroup: 0
Mapper: Valedict & Wiosna
MD5Hash: 30af9ca702cba30d418268c05298066b
NotePrebufferTime: 1000
TimeOffset: 390
Volume: 0.5
Difficulty:
- Overall: 43
  Chordjack: 31.02660255432129
  Handstream: 26.476194190979005
  Jack: 24.0128963470459
  Jumpstream: 44.856000137329104
  Stamina: 45.02566337585449
  Stream: 49.32629585266113
  Technical: 46.89629859924317
  Rate: 100
