Artist: Rotteen
AssetId: rbxassetid://10025071460
CoverImageAssetId: ''
Description: ''
Filename: VEC+LEGGENDARIA (LIGHT)
HitSFXGroup: 0
Mapper: Quick Draw
MD5Hash: 0b5d93bf63a457358e0f442f90a6af25
NotePrebufferTime: 1000
TimeOffset: -70
Volume: 0.5
Difficulty:
- Overall: 16
  Chordjack: 12.568500995635986
  Handstream: 12.028500652313232
  Jack: 14.235301208496095
  Jumpstream: 17.412296676635744
  Stamina: 19.660501098632814
  Stream: 21.851095962524415
  Technical: 22.378498077392578
  Rate: 100
