Artist: Yooh
AssetId: rbxassetid://10080266107
CoverImageAssetId: ''
Description: ''
Filename: Electronic Sound Lab
HitSFXGroup: 0
Mapper: Lynessa
MD5Hash: d498b0ed3517c78daa76094795348cce
NotePrebufferTime: 1000
TimeOffset: -75
Volume: 0.5
Difficulty:
- Overall: 33
  Chordjack: 34.9595947265625
  Handstream: 34.83719673156738
  Jack: 21.550498008728027
  Jumpstream: 35.426695632934575
  Stamina: 34.2312801361084
  Stream: 28.205095481872558
  Technical: 33.50069618225098
  Rate: 100
