Artist: xi
AssetId: rbxassetid://13158965614
CoverImageAssetId: ''
Description: ''
Filename: Akasha
HitSFXGroup: 0
Mapper: '[Crz]hinako1804'
MD5Hash: 50dfafd3ff35fdc5787e26070a3cd903
NotePrebufferTime: 1000
TimeOffset: -75
Volume: 0.5
Difficulty:
- Overall: 43
  Chordjack: 28.997994232177735
  Handstream: 43.58159637451172
  Jack: 25.936193847656252
  Jumpstream: 43.41599807739258
  Stamina: 43.53801498413086
  Stream: 35.25839538574219
  Technical: 38.4623966217041
  Rate: 100
