Artist: MapleStory
AssetId: rbxassetid://10698307229
CoverImageAssetId: ''
Description: ''
Filename: Savage Terminal
HitSFXGroup: 0
MD5Hash: 70c6056326b4629fe3cde2265e3e0709
NotePrebufferTime: 1000
TimeOffset: -70
Volume: 0.5
Difficulty:
- Overall: 25
  Chordjack: 32.59439964294434
  Handstream: 24.43139476776123
  Jack: 21.42089710235596
  Jumpstream: 26.431193161010743
  Stamina: 31.115890502929688
  Stream: 21.112196731567384
  Technical: 25.91459541320801
  Rate: 100
