Artist: xi
AssetId: rbxassetid://2814438485
CoverImageAssetId: ''
Description: ''
Filename: Freedom Dive (Metal Dimension) (LIGHT)
HitSFXGroup: 0
Mapper: tranvucam
MD5Hash: f2389b8b2290bfbeaefea6ddf555c89b
NotePrebufferTime: 1000
TimeOffset: 0
Volume: 0.5
Difficulty:
- Overall: 24
  Chordjack: 19.637096786499026
  Handstream: 20.384996223449708
  Jack: 27.5318962097168
  Jumpstream: 25.992895317077636
  Stamina: 26.82264976501465
  Stream: 28.419297981262208
  Technical: 29.50470428466797
  Rate: 100
