Artist: Ujico*/Snail's House
AssetId: rbxassetid://10070198999
CoverImageAssetId: ''
Description: ''
Filename: Snailchan Adventure
HitSFXGroup: 0
Mapper: LeiN-
MD5Hash: 3a1da47244a0c35356aac0ffdbb2d1bf
NotePrebufferTime: 1000
TimeOffset: -75
Volume: 0.5
Difficulty:
- Overall: 38
  Chordjack: 25.115393257141115
  Handstream: 22.70969638824463
  Jack: 20.65499725341797
  Jumpstream: 38.87549285888672
  Stamina: 38.836618423461914
  Stream: 34.95239524841309
  Technical: 36.2573959350586
  Rate: 100
