Artist: I.O
AssetId: rbxassetid://10070183852
CoverImageAssetId: ''
Description: ''
Filename: Lv.0 (LIGHT)
HitSFXGroup: 0
MD5Hash: 93b1f2c0ef30b96bcba10c5e79632bdd
NotePrebufferTime: 1000
TimeOffset: -70
Volume: 0.5
Difficulty:
- Overall: 28
  Chordjack: 18.053098297119142
  Handstream: 15.101101112365724
  Jack: 21.230098915100097
  Jumpstream: 24.76079578399658
  Stamina: 23.735453796386718
  Stream: 26.910895729064944
  Technical: 29.799003982543947
  Rate: 100
