Artist: katagiri
AssetId: rbxassetid://10729124360
CoverImageAssetId: ''
Description: ''
Filename: STRONG 280
HitSFXGroup: 0
Mapper: Shirohara
MD5Hash: c8303db0ab7f91f2fe1f2a9ae5ee4e8f
NotePrebufferTime: 1000
TimeOffset: -75
Volume: 0.5
Difficulty:
- Overall: 34
  Chordjack: 22.821295166015627
  Handstream: 30.538802719116212
  Jack: 19.50299663543701
  Jumpstream: 33.75989799499512
  Stamina: 33.726139068603516
  Stream: 25.177495193481445
  Technical: 27.907192611694338
  Rate: 100
