Artist: Machico
AssetId: rbxassetid://10719165689
CoverImageAssetId: ''
Description: ''
Filename: fantastic dreamer (LIGHT)
HitSFXGroup: 0
MD5Hash: aa1660ee6855d52df2168e77c555accb
NotePrebufferTime: 1000
TimeOffset: -75
Volume: 0.5
Difficulty:
- Overall: 8
  Chordjack: 7.86330041885376
  Handstream: 7.792201709747315
  Jack: 9.49770040512085
  Jumpstream: 15.171300315856934
  Stamina: 13.879992198944093
  Stream: 13.636800384521484
  Technical: 14.537701606750488
  Rate: 100
