Artist: Anthony Donato
AssetId: rbxassetid://10017863269
CoverImageAssetId: rbxassetid://8359781303
Description: ''
Filename: 8th Era
HitSFXGroup: 0
Mapper: Fullerene-
MD5Hash: 78e6fc12aa5e0fec7b7548548d953387
NotePrebufferTime: 1000
TimeOffset: -70
Volume: 0.5
Difficulty:
- Overall: 55
  Chordjack: 37.11976089477539
  Handstream: 31.42433853149414
  Jack: 30.09305992126465
  Jumpstream: 39.22197418212891
  Stamina: 50.36145172119141
  Stream: 55.0180103302002
  Technical: 48.56593551635742
  Rate: 100
