Artist: Camellia
AssetId: rbxassetid://13438842958
CoverImageAssetId: ''
Description: ''
Filename: AREA 52
HitSFXGroup: 0
Mapper: TingMomentum
MD5Hash: fb54429602b07c9430ae4068c228466b
NotePrebufferTime: 1000
TimeOffset: -75
Volume: 0.5
Difficulty:
- Overall: 51
  Chordjack: 38.40029640197754
  Handstream: 38.72700233459473
  Jack: 30.747601318359376
  Jumpstream: 42.8336986541748
  Stamina: 50.954054260253905
  Stream: 53.33039360046387
  Technical: 48.278694534301756
  Rate: 100
