Artist: KASAI HARCORES
AssetId: rbxassetid://10070170627
CoverImageAssetId: ''
Description: ''
Filename: Drop the Fire (EXTRA)
HitSFXGroup: 0
Mapper: eon
MD5Hash: 3f2311c642313f91d231b8009699be4e
NotePrebufferTime: 1000
TimeOffset: -75
Volume: 0.5
Difficulty:
- Overall: 38
  Chordjack: 22.06439552307129
  Handstream: 27.285294342041016
  Jack: 20.22569789886475
  Jumpstream: 32.46120071411133
  Stamina: 32.42873954772949
  Stream: 29.21040458679199
  Technical: 31.217404174804688
  Rate: 100
