Artist: Cardboard Box
AssetId: rbxassetid://10049189166
CoverImageAssetId: ''
Description: ''
Filename: ++ (HEAVY)
HitSFXGroup: 0
Mapper: Xonica
MD5Hash: 82415cbad4e2b951cb7184de285a9988
NotePrebufferTime: 1000
TimeOffset: -70
Volume: 0.5
Difficulty:
- Overall: 44
  Chordjack: 29.722501373291017
  Handstream: 25.64999656677246
  Jack: 27.19439277648926
  Jumpstream: 45.58139991760254
  Stamina: 42.72004508972168
  Stream: 40.79160118103027
  Technical: 39.77279777526856
  Rate: 100
