Artist: saikoro
AssetId: rbxassetid://10017718798
CoverImageAssetId: rbxassetid://8357111576
Description: ''
Filename: far in the blue sky...
HitSFXGroup: 0
Mapper: Einar
MD5Hash: 514b09d243339c556ef0e620b6d183a2
NotePrebufferTime: 1000
TimeOffset: 0
Volume: 0.5
Difficulty:
- Overall: 66
  Chordjack: 59.55119934082031
  Handstream: 34.644599533081056
  Jack: 36.21420249938965
  Jumpstream: 36.53640060424805
  Stamina: 56.54816207885742
  Stream: 32.27130203247071
  Technical: 38.03670043945313
  Rate: 100
