Artist: DJHASH1M0T0KANNA
AssetId: rbxassetid://13646312642
CoverImageAssetId: ''
Description: ''
Filename: KANNA TOOL 07
HitSFXGroup: 0
Mapper: KFCmonkey1
MD5Hash: 8021227378e860c4da19a18102d13d08
NotePrebufferTime: 1000
TimeOffset: -75
Volume: 0.5
Difficulty:
- Overall: 41
  Chordjack: 34.632899093627934
  Handstream: 36.92879791259766
  Jack: 28.548902320861817
  Jumpstream: 37.81979942321777
  Stamina: 37.572579574584964
  Stream: 36.099900054931645
  Technical: 42.62759857177735
  Rate: 100
