Artist: Hatsuki Yura
AssetId: rbxassetid://6559648965
CoverImageAssetId: ''
Description: ''
Filename: Kaguyahime
HitSFXGroup: 0
Mapper: A_scend
MD5Hash: 62e29cec4431f858dde88055522cc082
NotePrebufferTime: 1000
TimeOffset: -75
Volume: 0.5
Difficulty:
- Overall: 50
  Chordjack: 49.08149299621582
  Handstream: 42.35849876403809
  Jack: 27.25290184020996
  Jumpstream: 39.63149642944336
  Stamina: 47.001733016967776
  Stream: 30.18330230712891
  Technical: 38.28600082397461
  Rate: 100
