Artist: Step
AssetId: rbxassetid://10719195753
CoverImageAssetId: ''
Description: ''
Filename: Polargeist (HEAVY)
HitSFXGroup: 0
MD5Hash: dc1eb55846f398ba9b4e40070c6b179c
NotePrebufferTime: 1000
TimeOffset: 0
Volume: 0.5
Difficulty:
- Overall: 10
  Chordjack: 8.739900398254395
  Handstream: 9.210601043701173
  Jack: 9.108900260925294
  Jumpstream: 15.506999588012695
  Stamina: 13.453121852874757
  Stream: 14.31630220413208
  Technical: 15.857097816467286
  Rate: 100
