Artist: Izayoi Sak
AssetId: rbxassetid://10024698621
CoverImageAssetId: ''
Description: ''
Filename: Blue Planet (EXTRA)
HitSFXGroup: 0
Mapper: Shoegazer
MD5Hash: 7ad0f17b0b089065f136b1b29e558be3
NotePrebufferTime: 1000
TimeOffset: -80
Volume: 0.5
Difficulty:
- Overall: 48
  Chordjack: 35.80469741821289
  Handstream: 43.29539909362793
  Jack: 31.19220428466797
  Jumpstream: 51.311697006225586
  Stamina: 48.44294700622559
  Stream: 35.75610008239746
  Technical: 47.76209678649902
  Rate: 100
