Artist: Cardboard Box
AssetId: rbxassetid://10049189166
CoverImageAssetId: ''
Description: ''
Filename: ++ (LIGHT)
HitSFXGroup: 0
Mapper: Xonica
MD5Hash: 1ce332c85d686f7922ac84499320c32b
NotePrebufferTime: 1000
TimeOffset: -70
Volume: 0.5
Difficulty:
- Overall: 26
  Chordjack: 23.85989627838135
  Handstream: 20.609095001220705
  Jack: 21.9878963470459
  Jumpstream: 30.577502059936524
  Stamina: 35.481459045410155
  Stream: 37.81259651184082
  Technical: 37.02599945068359
  Rate: 100
