Artist: Mitchie M
AssetId: rbxassetid://13867588709
CoverImageAssetId: ''
Description: ''
Filename: Suki! Yuki! Magi Magic
HitSFXGroup: 0
Mapper: '- Ran Mitake -'
MD5Hash: 1c9c77f4b1d0ab8c61fb8fb3af9e9217
NotePrebufferTime: 1000
TimeOffset: -75
Volume: 0.5
Difficulty:
- Overall: 47
  Chordjack: 46.44900054931641
  Handstream: 31.108502197265626
  Jack: 29.323804092407226
  Jumpstream: 29.825999450683593
  Stamina: 46.40255584716797
  Stream: 25.593295097351074
  Technical: 31.036503982543945
  Rate: 100
