Artist: Kero Kero Bonito
AssetId: rbxassetid://10054680856
CoverImageAssetId: ''
Description: ''
Filename: Flamingo (W3TN Remix) (HEAVY)
HitSFXGroup: 0
MD5Hash: 383126ff6dbbd7a082dae6d09cb3b621
NotePrebufferTime: 1000
TimeOffset: -1110
Volume: 0.5
Difficulty:
- Overall: 30
  Chordjack: 29.297704696655273
  Handstream: 27.469794273376465
  Jack: 22.06889820098877
  Jumpstream: 32.615098571777345
  Stamina: 28.877772903442384
  Stream: 28.768500137329102
  Technical: 33.45839881896973
  Rate: 100
