Artist: Aquellex
AssetId: rbxassetid://10024162637
CoverImageAssetId: ''
Description: ''
Filename: Crystal Chamber Combustion
HitSFXGroup: 0
Mapper: Valedict
MD5Hash: 5f005776df743f340c8e4101f1465310
NotePrebufferTime: 1000
TimeOffset: -70
Volume: 0.5
Difficulty:
- Overall: 49
  Chordjack: 36.33389854431152
  Handstream: 35.72909774780273
  Jack: 31.34429969787598
  Jumpstream: 51.66719398498535
  Stamina: 49.64052543640137
  Stream: 44.567094039916995
  Technical: 47.45249519348145
  Rate: 100
