Artist: sakuzyo
AssetId: rbxassetid://12351688127
CoverImageAssetId: ''
Description: ''
Filename: Kronos
HitSFXGroup: 0
Mapper: Wh1teh
MD5Hash: 3a8cf5992a8ebcb0563469642cf085a6
NotePrebufferTime: 1000
TimeOffset: -3800
Volume: 0.5
Difficulty:
- Overall: 48
  Chordjack: 35.64540252685547
  Handstream: 31.499100494384766
  Jack: 31.124700164794923
  Jumpstream: 50.462999725341795
  Stamina: 47.22301483154297
  Stream: 52.61129379272461
  Technical: 48.572997665405275
  Rate: 100
