Artist: stereoberry
AssetId: rbxassetid://10698316371
CoverImageAssetId: ''
Description: ''
Filename: ametsuchi
HitSFXGroup: 0
MD5Hash: dcacd2f33f7bf4f803a2839d8627f66c
NotePrebufferTime: 1000
TimeOffset: -70
Volume: 0.5
Difficulty:
- Overall: 30
  Chordjack: 27.700194740295412
  Handstream: 31.79070167541504
  Jack: 20.20679798126221
  Jumpstream: 31.244403076171874
  Stamina: 30.91839065551758
  Stream: 23.933695220947268
  Technical: 29.72520332336426
  Rate: 100
