Artist: DJ SHARPNEL
AssetId: rbxassetid://10043803341
CoverImageAssetId: ''
Description: ''
Filename: Cyber Inductance
HitSFXGroup: 0
Mapper: IcyWorld
MD5Hash: 2d398320b32599fc8d8ca504bf36ff52
NotePrebufferTime: 1000
TimeOffset: -70
Volume: 0.5
Difficulty:
- Overall: 37
  Chordjack: 28.446293449401857
  Handstream: 25.941592597961428
  Jack: 23.08949718475342
  Jumpstream: 40.899596786499025
  Stamina: 40.85870018005371
  Stream: 32.872501373291016
  Technical: 33.405300521850585
  Rate: 100
