Artist: Various Artists
AssetId: rbxassetid://0
CoverImageAssetId: ''
Description: ''
Filename: Chordjack Joker Dan IV
HitSFXGroup: 0
Mapper: '[Crz]Rachel&Ice V'
MD5Hash: 40399dcbe8304f86a90f19355a59cbae
NotePrebufferTime: 1000
TimeOffset: -75
Volume: 0.5
Difficulty:
- Overall: 44
  Chordjack: 49.470292282104495
  Handstream: 39.79079475402832
  Jack: 32.799600219726564
  Jumpstream: 41.37479667663575
  Stamina: 49.42082633972168
  Stream: 29.632495880126953
  Technical: 36.37169494628906
  Rate: 100
