Artist: Shogo Sakai
AssetId: rbxassetid://10694146737
CoverImageAssetId: ''
Description: ''
Filename: Strong One (Masked Man)
HitSFXGroup: 0
MD5Hash: 0f8b8b5dadb11f87ce88b7b065da2266
NotePrebufferTime: 1000
TimeOffset: -62
Volume: 0.5
Difficulty:
- Overall: 20
  Chordjack: 18.14454917907715
  Handstream: 20.791353034973145
  Jack: 15.375112152099609
  Jumpstream: 24.21599750518799
  Stamina: 22.076485633850098
  Stream: 21.070623779296877
  Technical: 25.316077423095702
  Rate: 100
