Artist: Step
AssetId: rbxassetid://10719195753
CoverImageAssetId: ''
Description: ''
Filename: Polargeist (LIGHT)
HitSFXGroup: 0
MD5Hash: 2340b4f115a81a215d7d72d382147e28
NotePrebufferTime: 1000
TimeOffset: 0
Volume: 0.5
Difficulty:
- Overall: 4
  Chordjack: 5.161500549316407
  Handstream: 5.792400741577149
  Jack: 9.038700199127197
  Jumpstream: 6.909300041198731
  Stamina: 8.583031940460206
  Stream: 9.909001064300538
  Technical: 11.270698928833008
  Rate: 100
