Artist: katagiri
AssetId: rbxassetid://12985115466
CoverImageAssetId: ''
Description: ''
Filename: Sendan Life (katagiri Bootleg)
HitSFXGroup: 0
Mapper: aewyuii
MD5Hash: 8829307b59686815e8a104a6abd53efd
NotePrebufferTime: 1000
TimeOffset: -75
Volume: 0.5
Difficulty:
- Overall: 18
  Chordjack: 11.427509880065918
  Handstream: 14.092024040222169
  Jack: 15.174458885192871
  Jumpstream: 18.099802207946777
  Stamina: 14.96389045715332
  Stream: 13.285906505584718
  Technical: 20.22147331237793
  Rate: 100
