Artist: Labyrinths
AssetId: rbxassetid://9512723562
CoverImageAssetId: ''
Description: ''
Filename: Yumeji Labyrinth
HitSFXGroup: 0
MD5Hash: 7856d0984c10946fed8179fdb853b3a4
NotePrebufferTime: 1000
TimeOffset: -70
Volume: 0.5
Difficulty:
- Overall: 46
  Chordjack: 30.992404174804687
  Handstream: 28.208693504333496
  Jack: 27.272694396972657
  Jumpstream: 36.650696182250975
  Stamina: 43.0245964050293
  Stream: 47.246395111083984
  Technical: 42.98039703369141
  Rate: 100
