Artist: Kawada Mami
AssetId: rbxassetid://8003244683
CoverImageAssetId: ''
Description: ''
Filename: Serment
HitSFXGroup: 0
Mapper: Xingyue-
MD5Hash: 3ac7d98e0ac71c50ab98611c8f17fbd9
NotePrebufferTime: 1000
TimeOffset: -75
Volume: 0.5
Difficulty:
- Overall: 45
  Chordjack: 32.98500137329102
  Handstream: 44.15489730834961
  Jack: 27.514793586730956
  Jumpstream: 43.93169975280762
  Stamina: 44.11074256896973
  Stream: 33.758998489379884
  Technical: 38.35889854431152
  Rate: 100
