Artist: Billx
AssetId: rbxassetid://2415372230
CoverImageAssetId: ''
Description: ''
Filename: LA MD
HitSFXGroup: 0
Mapper: Wh1teh
MD5Hash: ead63d1c6c4623873aadf4aa39b84bee
NotePrebufferTime: 1000
TimeOffset: 0
Volume: 0.5
Difficulty:
- Overall: 34
  Chordjack: 27.92249450683594
  Handstream: 28.09889373779297
  Jack: 24.56549663543701
  Jumpstream: 40.84290046691895
  Stamina: 40.80205879211426
  Stream: 35.49059829711914
  Technical: 35.11079750061035
  Rate: 100
