Artist: sakuzyo
AssetId: rbxassetid://10044086192
CoverImageAssetId: ''
Description: ''
Filename: Rainbow Night Sky Highway (LIGHT)
HitSFXGroup: 0
MD5Hash: 26f2f274a6681ba805191a5d5cd7974e
NotePrebufferTime: 1000
TimeOffset: -140
Volume: 0.5
Difficulty:
- Overall: 16
  Chordjack: 13.902300453186035
  Handstream: 13.255200576782228
  Jack: 10.923299217224121
  Jumpstream: 23.80949649810791
  Stamina: 22.600181579589844
  Stream: 21.007795715332033
  Technical: 21.725996017456055
  Rate: 100
