Artist: AAAA & Shike
AssetId: rbxassetid://10811829664
CoverImageAssetId: ''
Description: ''
Filename: Lueur de la nuit
HitSFXGroup: 0
Mapper: A_scend
MD5Hash: 194df9bb2594f20a4b4e3f98da893f4d
NotePrebufferTime: 1000
TimeOffset: -75
Volume: 0.5
Difficulty:
- Overall: 36.845998764038086
  Chordjack: 23.285695838928223
  Handstream: 27.77849464416504
  Jack: 21.566697692871095
  Jumpstream: 36.845998764038086
  Stamina: 34.37367324829102
  Stream: 33.83010063171387
  Technical: 34.79399642944336
  Rate: 100
