Artist: sakuzyo
AssetId: rbxassetid://10698198879
CoverImageAssetId: ''
Description: ''
Filename: Altale (EXTRA)
HitSFXGroup: 0
Mapper: 'Kuo Kyoka'
MD5Hash: 0a8e831a9ab013a8d342ac4a646a92b0
NotePrebufferTime: 1000
TimeOffset: -1520
Volume: 0.5
Difficulty:
- Overall: 31
  Chordjack: 25.35029640197754
  Handstream: 30.157202911376952
  Jack: 22.60799732208252
  Jumpstream: 33.655496978759764
  Stamina: 28.4240873336792
  Stream: 33.613199615478514
  Technical: 32.14709815979004
  Rate: 100
