Artist: Yusei Teikoku
AssetId: rbxassetid://147202257
CoverImageAssetId: ''
Description: ''
Filename: Kuusou Mesorogiwi
HitSFXGroup: 0
MD5Hash: 1adb1bffcbe4ed1b1c00e7f1acf0e327
NotePrebufferTime: 1000
TimeOffset: -60
Volume: 0.5
Difficulty:
- Overall: 32
  Chordjack: 24.18029537200928
  Handstream: 30.354301071166994
  Jack: 20.124898338317873
  Jumpstream: 33.868799972534184
  Stamina: 31.855345916748046
  Stream: 32.309997940063475
  Technical: 35.1306037902832
  Rate: 100
