Artist: USAO
AssetId: rbxassetid://10037975598
CoverImageAssetId: ''
Description: ''
Filename: BroGamer (LIGHT)
HitSFXGroup: 0
MD5Hash: 2250a3e6011d5ab33852b722f052a613
NotePrebufferTime: 1000
TimeOffset: -70
Volume: 0.5
Difficulty:
- Overall: 18
  Chordjack: 14.382001304626465
  Handstream: 15.996598434448243
  Jack: 13.515301895141603
  Jumpstream: 23.38919563293457
  Stamina: 21.139446258544922
  Stream: 21.088795852661132
  Technical: 23.36399574279785
  Rate: 100
