Artist: Helblinde
AssetId: rbxassetid://10033867371
CoverImageAssetId: ''
Description: ''
Filename: Memoria (Original Mix)
HitSFXGroup: 0
Mapper: "Manwon"
MD5Hash: 25591c50bf6c90f328e9f6a4fee9069f
NotePrebufferTime: 1000
TimeOffset: -150
Volume: 0.5
Difficulty:
- Overall: 23
  Chordjack: 13.967100906372071
  Handstream: 22.188594245910647
  Jack: 11.277000617980958
  Jumpstream: 23.29379653930664
  Stamina: 21.58864116668701
  Stream: 22.4720947265625
  Technical: 23.29379653930664
  Rate: 100
