Artist: sawawa
AssetId: rbxassetid://10054538072
CoverImageAssetId: ''
Description: ''
Filename: Cirno Break (LIGHT)
HitSFXGroup: 0
MD5Hash: 7d9c1f144b37ce16916463db5f45d8e2
NotePrebufferTime: 1000
TimeOffset: -145
Volume: 0.5
Difficulty:
- Overall: 11
  Chordjack: 9.058499622344971
  Handstream: 8.76330041885376
  Jack: 8.479800796508789
  Jumpstream: 14.877000617980958
  Stamina: 14.99560317993164
  Stream: 15.6545991897583
  Technical: 16.76699752807617
  Rate: 100
