Artist: Shoko Nakagawa
AssetId: rbxassetid://3198116745
CoverImageAssetId: ''
Description: ''
Filename: Sorairo Days (Assertive Remix)
HitSFXGroup: 0
Mapper: IcyWorld
MD5Hash: bb500e93dfc2c58a29123b9db4de017a
NotePrebufferTime: 1000
TimeOffset: -70
Volume: 0.5
Difficulty:
- Overall: 37
  Chordjack: 27.433793449401858
  Handstream: 36.92789497375488
  Jack: 23.201095962524416
  Jumpstream: 39.682795715332034
  Stamina: 39.643114471435545
  Stream: 34.56809692382813
  Technical: 35.6183967590332
  Rate: 100
