Artist: VINXIS
AssetId: rbxassetid://10080035955
CoverImageAssetId: ''
Description: ''
Filename: Sidetracked Day
HitSFXGroup: 0
Mapper: Reyi
MD5Hash: babaf3d9c6be8572f78ad033030b8659
NotePrebufferTime: 1000
TimeOffset: -2275
Volume: 0.5
Difficulty:
- Overall: 36
  Chordjack: 25.874994850158693
  Handstream: 31.760097885131838
  Jack: 25.03619384765625
  Jumpstream: 39.93839950561524
  Stamina: 39.83601722717285
  Stream: 34.332295989990236
  Technical: 35.19089813232422
  Rate: 100
