Artist: Warak
AssetId: rbxassetid://10694168608
CoverImageAssetId: --FILL IN COVERART ASSETID HERE--
Description: ''
Filename: REANIMATE
HitSFXGroup: 0
Mapper: 'Lifill'
MD5Hash: 97c055c7e4aa979f31ba446524689a69
NotePrebufferTime: 900
TimeOffset: -125
Volume: 0.5
Difficulty:
- Overall: 24
  Chordjack: 17.149498558044435
  Handstream: 16.39529914855957
  Jack: 19.47689723968506
  Jumpstream: 24.912896347045898
  Stamina: 22.55976219177246
  Stream: 23.336996841430665
  Technical: 25.674296951293947
  Rate: 100
