Artist: Kenichiro Fukui
AssetId: rbxassetid://97389884043377
CoverImageAssetId: ''
Description: ''
Filename: Badlands (HEAVY)
HitSFXGroup: 0
MD5Hash: d01ba76aff4dda1f30887f22ba985ba5
NotePrebufferTime: 1000
TimeOffset: -280
Volume: 0.5
Difficulty:
- Overall: 25
  Chordjack: 19.43639717102051
  Handstream: 23.512496566772462
  Jack: 19.142996978759765
  Jumpstream: 32.80140266418457
  Stamina: 31.820471191406252
  Stream: 30.762003707885743
  Technical: 30.015002059936524
  Rate: 100
