Artist: lapix
AssetId: rbxassetid://12781303241
CoverImageAssetId: ''
Description: ''
Filename: Far Away
HitSFXGroup: 0
Mapper: SureFir3
MD5Hash: 0711fa14bbfe849889b234438657193a
NotePrebufferTime: 1000
TimeOffset: -75
Volume: 0.5
Difficulty:
- Overall: 54
  Chordjack: 40.086900329589845
  Handstream: 34.799400329589844
  Jack: 33.313499450683594
  Jumpstream: 54.08909568786621
  Stamina: 51.70369262695313
  Stream: 57.959101867675784
  Technical: 53.489698791503905
  Rate: 100
