Artist: Frums + Nitro
AssetId: rbxassetid://10024418793
CoverImageAssetId: ''
Description: ''
Filename: Red and Blue and Green (EXTRA)
HitSFXGroup: 0
Mapper: Slick6969
MD5Hash: 7dcb194fd66f8768b7d20d3574d30f8a
NotePrebufferTime: 1000
TimeOffset: -75
Volume: 0.5
Difficulty:
- Overall: 47
  Chordjack: 34.0730941772461
  Handstream: 41.651998901367186
  Jack: 35.29260063171387
  Jumpstream: 41.81579818725586
  Stamina: 40.816646575927734
  Stream: 39.25620002746582
  Technical: 44.89379997253418
  Rate: 100
