Artist: BlackY
AssetId: rbxassetid://10698296702
CoverImageAssetId: ''
Description: ''
Filename: IKAROS DYNAMITE!!!! (HEAVY)
HitSFXGroup: 0
MD5Hash: e4367e8881c24abc67e6e603ef11d4c7
NotePrebufferTime: 1000
TimeOffset: -70
Volume: 0.5
Difficulty:
- Overall: 30
  Chordjack: 26.957694053649902
  Handstream: 22.912195014953614
  Jack: 25.843501853942872
  Jumpstream: 33.48629722595215
  Stamina: 30.925868225097656
  Stream: 24.720295715332032
  Technical: 31.614299011230468
  Rate: 100
