Artist: Super Psychic Fujy & Le Oos-On
AssetId: rbxassetid://13867184482
CoverImageAssetId: ''
Description: ''
Filename: Dark Avatara Beam (Remix by Le Oos-On)
HitSFXGroup: 0
Mapper: yeahitsryan
MD5Hash: 1c8b099e636981be398bc306e5aaeb63
NotePrebufferTime: 1000
TimeOffset: -75
Volume: 0.5
Difficulty:
- Overall: 39
  Chordjack: 27.44729461669922
  Handstream: 33.10290184020996
  Jack: 24.830097198486328
  Jumpstream: 42.288299560546875
  Stamina: 40.914366531372075
  Stream: 39.24629859924317
  Technical: 38.265298461914064
  Rate: 100
