Artist: Lime
AssetId: rbxassetid://13155616806
CoverImageAssetId: ''
Description: ''
Filename: 8bit Voyager
HitSFXGroup: 0
Mapper: 11Bit
MD5Hash: 59ab4b8e852f745b66bae40e80ea204a
NotePrebufferTime: 1000
TimeOffset: -75
Volume: 0.5
Difficulty:
- Overall: 44
  Chordjack: 30.051002883911135
  Handstream: 36.08639373779297
  Jack: 23.596196937561036
  Jumpstream: 41.72940101623535
  Stamina: 40.46258125305176
  Stream: 39.41009788513184
  Technical: 39.150899505615236
  Rate: 100
