Artist: DJ MYOSUKE
AssetId: rbxassetid://10054329043
CoverImageAssetId: ''
Description: ''
Filename: Anguish (Cut) (LIGHT)
HitSFXGroup: 0
Mapper: Shoegazer
MD5Hash: 72016fe3204a0291c4e99ae2a39dd341
NotePrebufferTime: 1000
TimeOffset: -70
Volume: 0.5
Difficulty:
- Overall: 40
  Chordjack: 31.43429832458496
  Handstream: 25.523095893859864
  Jack: 24.19559726715088
  Jumpstream: 44.57069549560547
  Stamina: 41.81496734619141
  Stream: 35.50679969787598
  Technical: 35.941497802734375
  Rate: 100
