Artist: u's
AssetId: rbxassetid://10698547446
CoverImageAssetId: --FILL IN COVERART ASSETID HERE--
Description: ''
Filename: Korekara no Someday (HEAVY)
HitSFXGroup: 0
MD5Hash: d54768df4770094f7cf286646c5df294
NotePrebufferTime: 1000
TimeOffset: -75
Volume: 0.5
Difficulty:
- Overall: 29
  Chordjack: 24.42239456176758
  Handstream: 24.84719295501709
  Jack: 17.273698997497558
  Jumpstream: 26.55179386138916
  Stamina: 24.423659706115725
  Stream: 19.859396553039552
  Technical: 26.361895179748537
  Rate: 100
