Artist: Gardens
AssetId: rbxassetid://79213605650042
CoverImageAssetId: ''
Description: ''
Filename: Rafflesia
HitSFXGroup: 0
Mapper: FLeVI
MD5Hash: 66898820189373e4bdaae53d1c6698e0
NotePrebufferTime: 1000
TimeOffset: -75
Volume: 0.5
Difficulty:
- Overall: 0
  Chordjack: 51.287400054931645
  Handstream: 59.55029296875
  Jack: 33.08490142822266
  Jumpstream: 55.027795028686526
  Stamina: 59.4907470703125
  Stream: 52.240494918823245
  Technical: 56.82329406738281
  Rate: 100
