Artist: sasakure.UK
AssetId: rbxassetid://10698359844
CoverImageAssetId: ''
Description: ''
Filename: Puppet Theater of Twee-Box feat. Hatsune Miku (LIGHT)
HitSFXGroup: 0
MD5Hash: ff8bb1e02a772c8a8bc51a1c987657df
NotePrebufferTime: 1000
TimeOffset: 0
Volume: 0.5
Difficulty:
- Overall: 19
  Chordjack: 15.036300659179688
  Handstream: 17.215196800231933
  Jack: 14.353203392028808
  Jumpstream: 26.104495811462403
  Stamina: 25.22988796234131
  Stream: 25.309794616699218
  Technical: 25.966795921325684
  Rate: 100
