Artist: "Camellia"
AssetId: rbxassetid://10718860259
CoverImageAssetId: rbxassetid://6647098208
Description: "SUPER TORNADOOOOOOOOOO"
Filename: Tornado
HitSFXGroup: 0
Mapper: 'inteliser'
MD5Hash: b161e7502d72b92d29e9a50d4253537a
NotePrebufferTime: 800
TimeOffset: -110
Volume: 0.5
Difficulty:
- Overall: 51
  Chordjack: 39.04199409484863
  Handstream: 48.91769371032715
  Jack: 31.155300521850588
  Jumpstream: 49.10939826965332
  Stamina: 49.06029281616211
  Stream: 44.861397171020506
  Technical: 48.47669219970703
  Rate: 100
