Artist: Team Nekokan
AssetId: rbxassetid://10698550786
CoverImageAssetId: ''
Description: ''
Filename: Can't Defeat Airman (HEAVY)
HitSFXGroup: 0
MD5Hash: 07607158600f12f0b706641018201db2
NotePrebufferTime: 1000
TimeOffset: -40
Volume: 0.5
Difficulty:
- Overall: 24
  Chordjack: 18.42209815979004
  Handstream: 20.485795783996583
  Jack: 15.459298324584962
  Jumpstream: 26.236795234680176
  Stamina: 26.169960594177248
  Stream: 19.472397994995116
  Technical: 25.110895729064943
  Rate: 100
