Artist: Dj Mutante
AssetId: rbxassetid://0
CoverImageAssetId: ''
Description: ''
Filename: H.A.R.D.C.O.R.E. (NO AUDIO)
HitSFXGroup: 0
Mapper: DannyPX
MD5Hash: 10aea03f69969213b917cdff942c41ff
NotePrebufferTime: 1000
TimeOffset: -75
Volume: 0.5
Difficulty:
- Overall: 48
  Chordjack: 37.71899642944336
  Handstream: 57.113992309570314
  Jack: 31.074300384521486
  Jumpstream: 48.572994232177734
  Stamina: 57.05688400268555
  Stream: 39.69179763793945
  Technical: 45.1322925567627
  Rate: 100
