Artist: antiPLUR
AssetId: rbxassetid://13866834277
CoverImageAssetId: ''
Description: ''
Filename: Runengon (EXTRA)
HitSFXGroup: 0
Mapper: Raveille
MD5Hash: d8f5961adc4b99d065705ca8de8b177d
NotePrebufferTime: 1000
TimeOffset: -75
Volume: 0.5
Difficulty:
- Overall: 28
  Chordjack: 17.99729633331299
  Handstream: 16.020898818969727
  Jack: 16.035299491882324
  Jumpstream: 30.90150260925293
  Stamina: 30.43773536682129
  Stream: 29.23290252685547
  Technical: 27.9035945892334
  Rate: 100
