Artist: Randy Mortimer
AssetId: rbxassetid://10719061059
CoverImageAssetId: ''
Description: ''
Filename: Penguin (Pinnacle Remix) (LN)
HitSFXGroup: 0
Mapper: gemboyong
MD5Hash: 2d68ef425f4b789581377065fed45e9e
NotePrebufferTime: 1000
TimeOffset: -70
Volume: 0.5
Difficulty:
- Overall: 0
  Chordjack: 36.54179763793945
  Handstream: 35.36099739074707
  Jack: 22.06889820098877
  Jumpstream: 38.166297912597656
  Stamina: 35.2489128112793
  Stream: 38.78909912109375
  Technical: 38.93309898376465
  Rate: 100
