Artist: Kaneko Chiharu
AssetId: ''
CoverImageAssetId: ''
Description: ''
Filename: iLLness LiLin (EXTRA)
HitSFXGroup: 0
MD5Hash: 7926232de206e3f87244cc45b8917763
NotePrebufferTime: 1000
TimeOffset: 355
Volume: 0.5
Difficulty:
- Overall: 41
  Chordjack: 30.107702636718752
  Handstream: 28.524593353271484
  Jack: 35.81549491882324
  Jumpstream: 37.645195770263676
  Stamina: 36.370551681518556
  Stream: 34.1378963470459
  Technical: 38.07809829711914
  Rate: 100
