Artist: Feryquitous
AssetId: rbxassetid://10025020687
CoverImageAssetId: ''
Description: ''
Filename: Vend
HitSFXGroup: 0
Mapper: Tailsdk
MD5Hash: 1e23fe12fc2d0a39c520975e244139a3
NotePrebufferTime: 1000
TimeOffset: -75
Volume: 0.5
Difficulty:
- Overall: 46
  Chordjack: 46.61279640197754
  Handstream: 35.92349395751953
  Jack: 28.92509994506836
  Jumpstream: 36.06659774780274
  Stamina: 46.566183471679686
  Stream: 28.066494369506838
  Technical: 34.33319549560547
  Rate: 100
