Artist: Le Perche Orielle
AssetId: rbxassetid://13867324530
CoverImageAssetId: ''
Description: ''
Filename: Debut (LIGHT)
HitSFXGroup: 0
Mapper: yeahitsryan
MD5Hash: 05c875851d78e1b3f0d4876c7846da25
NotePrebufferTime: 1000
TimeOffset: -75
Volume: 0.5
Difficulty:
- Overall: 15
  Chordjack: 11.092500686645508
  Handstream: 10.60560121536255
  Jack: 11.35710039138794
  Jumpstream: 19.974595069885254
  Stamina: 18.276477813720703
  Stream: 18.14849910736084
  Technical: 19.171796607971192
  Rate: 100
