Artist: Exilelord
AssetId: rbxassetid://5677056394
CoverImageAssetId: ''
Description: ''
Filename: Soulless 5 (EXPERT)
HitSFXGroup: 0
MD5Hash: 7f76531b69933a4e098b38cbc6087312
NotePrebufferTime: 1000
TimeOffset: -27
Volume: 0.5
Difficulty:
- Overall: 32
  Chordjack: 20.5424955368042
  Handstream: 18.028796195983887
  Jack: 19.34729804992676
  Jumpstream: 28.44719123840332
  Stamina: 32.46470603942871
  Stream: 32.5098014831543
  Technical: 32.49720153808594
  Rate: 100
