Artist: Tanger
AssetId: rbxassetid://13876328471
CoverImageAssetId: ''
Description: ''
Filename: .wavterminal
HitSFXGroup: 0
Mapper: Zailscode576
MD5Hash: c6124eb921907ba79298c80fb866aadb
NotePrebufferTime: 1000
TimeOffset: -75
Volume: 0.5
Difficulty:
- Overall: 48
  Chordjack: 52.12619590759277
  Handstream: 31.949100494384766
  Jack: 30.654900741577148
  Jumpstream: 32.89320030212402
  Stamina: 51.21789779663086
  Stream: 27.12059383392334
  Technical: 32.18040046691895
  Rate: 100
