Artist: Yunomi feat. nicamoq
AssetId: rbxassetid://10727715859
CoverImageAssetId: ''
Description: ''
Filename: Robotic Girl (Srav3R Remix)
HitSFXGroup: 0
Mapper: LeiN-
MD5Hash: 0bc5ce1ea5298c6bb29a0f063ebdd2ec
NotePrebufferTime: 1000
TimeOffset: -75
Volume: 0.5
Difficulty:
- Overall: 32
  Chordjack: 23.912996292114258
  Handstream: 28.100692749023438
  Jack: 17.14409809112549
  Jumpstream: 36.02699546813965
  Stamina: 35.990970611572266
  Stream: 30.186903762817384
  Technical: 30.876299285888674
  Rate: 100
