Artist: Rotteen
AssetId: rbxassetid://10025071460
CoverImageAssetId: ''
Description: ''
Filename: VEC+LEGGENDARIA (HEAVY)
HitSFXGroup: 0
Mapper: Quick Draw
MD5Hash: 6353b9a56af5225d6cdaf7431393b222
NotePrebufferTime: 1000
TimeOffset: -70
Volume: 0.5
Difficulty:
- Overall: 33
  Chordjack: 24.880496978759766
  Handstream: 24.16769542694092
  Jack: 19.07999897003174
  Jumpstream: 34.94609527587891
  Stamina: 32.966722869873045
  Stream: 30.58290252685547
  Technical: 33.038099670410155
  Rate: 100
