Artist: tofubeats
AssetId: rbxassetid://10025054517
CoverImageAssetId: ''
Description: ''
Filename: STAKEHOLDER (Zekk's Breakkore Edit) (HEAVY)
HitSFXGroup: 0
Mapper: Hydria
MD5Hash: e8330e92d58f89cb583ee0018ef7d755
NotePrebufferTime: 1000
TimeOffset: -70
Volume: 0.5
Difficulty:
- Overall: 46
  Chordjack: 34.85672149658203
  Handstream: 50.925980758666995
  Jack: 28.597729682922363
  Jumpstream: 44.24652328491211
  Stamina: 47.85505485534668
  Stream: 38.05294990539551
  Technical: 42.62310791015625
  Rate: 100
