Artist: Various Artist
AssetId: rbxassetid://0
CoverImageAssetId: ''
Description: ''
Filename: Cyclone of Jack Ver.2 Jack 4
HitSFXGroup: 0
Mapper: '[Crz]Rachel'
MD5Hash: 3c0d05e27dc70e0742f4eab636bc8b5b
NotePrebufferTime: 1000
TimeOffset: -75
Volume: 0.5
Difficulty:
- Overall: 63
  Chordjack: 62.19990005493164
  Handstream: 41.18759651184082
  Jack: 41.11919631958008
  Jumpstream: 42.87779846191406
  Stamina: 62.13770370483399
  Stream: 34.69499588012695
  Technical: 40.83479804992676
  Rate: 100
