Artist: Kitsune^2
AssetId: rbxassetid://10044109720
CoverImageAssetId: ''
Description: ''
Filename: Rainbow Tylenol (LIGHT)
HitSFXGroup: 0
MD5Hash: d539682eb80d6e96f4c2c4fb97f5f025
NotePrebufferTime: 1100
TimeOffset: -110
Volume: 0.5
Difficulty:
- Overall: 10
  Chordjack: 8.131500720977783
  Handstream: 8.28900089263916
  Jack: 9.368100357055665
  Jumpstream: 10.34460039138794
  Stamina: 13.592195892333985
  Stream: 16.049698448181154
  Technical: 17.302498626708985
  Rate: 100
