Artist: DJ CHUCKY
AssetId: rbxassetid://13155541640
CoverImageAssetId: ''
Description: ''
Filename: Abyss Of The Darkness (Cut Ver.)
HitSFXGroup: 0
Mapper: AutotelicBrown
MD5Hash: 119ce4b037bda0a416d1863bb89d3604
NotePrebufferTime: 1000
TimeOffset: -75
Volume: 0.5
Difficulty:
- Overall: 34
  Chordjack: 25.243193435668946
  Handstream: 36.30329818725586
  Jack: 20.772897720336914
  Jumpstream: 28.365295028686525
  Stamina: 36.26699867248535
  Stream: 34.4753963470459
  Technical: 34.357495880126955
  Rate: 100
