Artist: Loctek
AssetId: rbxassetid://10724416594
CoverImageAssetId: ''
Description: ''
Filename: Blood Type T
HitSFXGroup: 0
Mapper: ArcadeSona
MD5Hash: efb941a948cec6b4a3da9362ec88a0b8
NotePrebufferTime: 1000
TimeOffset: -70
Volume: 0.5
Difficulty:
- Overall: 34
  Chordjack: 26.80379447937012
  Handstream: 29.67659568786621
  Jack: 24.45209541320801
  Jumpstream: 40.421698379516606
  Stamina: 40.38127899169922
  Stream: 34.75709609985352
  Technical: 36.22049560546875
  Rate: 100
