Artist: Eliminate
AssetId: rbxassetid://12985074573
CoverImageAssetId: ''
Description: ''
Filename: Weeble Wobble VIP
HitSFXGroup: 0
Mapper: TingMomentum
MD5Hash: 38a9014cfaf217c2acd4c39d7fb595c4
NotePrebufferTime: 1000
TimeOffset: -75
Volume: 0.5
Difficulty:
- Overall: 63
  Chordjack: 56.929497528076176
  Handstream: 34.55189552307129
  Jack: 34.86599807739258
  Jumpstream: 37.628098297119145
  Stamina: 53.791764450073245
  Stream: 31.88250274658203
  Technical: 36.79469604492188
  Rate: 100
