Artist: SKAN (feat. Highdiwaan & M.I.M.E)
AssetId: rbxassetid://13872265980
CoverImageAssetId: ''
Description: ''
Filename: ENOUGH
HitSFXGroup: 0
Mapper: Xeroa
MD5Hash: 554c649729c503b90c911b18b53614f7
NotePrebufferTime: 1000
TimeOffset: -75
Volume: 0.5
Difficulty:
- Overall: 57
  Chordjack: 51.46919631958008
  Handstream: 40.92029914855957
  Jack: 36.53099670410156
  Jumpstream: 40.65389442443848
  Stamina: 50.80086708068848
  Stream: 30.18600082397461
  Technical: 38.80079612731934
  Rate: 100
