Artist: Imperial Circus Dead Decadence
AssetId: rbxassetid://12992797325
CoverImageAssetId: ''
Description: ''
Filename: Shinbatsu o Tadori Kyo Kotsu ni Itaru
HitSFXGroup: 0
Mapper: Evening
MD5Hash: 89868d32183ecff8280c4a3975b63884
NotePrebufferTime: 1000
TimeOffset: -75
Volume: 0.5
Difficulty:
- Overall: 53
  Chordjack: 40.1759994506836
  Handstream: 55.45889511108398
  Jack: 31.486500549316407
  Jumpstream: 50.45759582519531
  Stamina: 55.40343818664551
  Stream: 48.534294891357426
  Technical: 50.17859802246094
  Rate: 100
