Artist: katagiri
AssetId: rbxassetid://12985115466
CoverImageAssetId: ''
Description: ''
Filename: Sendan Life (katagiri Bootleg)
HitSFXGroup: 0
Mapper: aewyuii
MD5Hash: c020ff562f6e2cad392f14284c51a98e
NotePrebufferTime: 1000
TimeOffset: -75
Volume: 0.5
Difficulty:
- Overall: 39
  Chordjack: 38.42099533081055
  Handstream: 39.36149711608887
  Jack: 23.237998008728027
  Jumpstream: 39.48659706115723
  Stamina: 39.385131454467775
  Stream: 31.28580436706543
  Technical: 36.71999588012695
  Rate: 100
