Artist: Icona Pop
AssetId: rbxassetid://13010168592
CoverImageAssetId: ''
Description: ''
Filename: I Love It
HitSFXGroup: 0
Mapper: Lynessa
MD5Hash: ba00858ba92c9789a9ee1b8ac7ed6e08
NotePrebufferTime: 1000
TimeOffset: -75
Volume: 0.5
Difficulty:
- Overall: 48
  Chordjack: 50.87519645690918
  Handstream: 27.716392707824706
  Jack: 31.425299835205077
  Jumpstream: 31.7718017578125
  Stamina: 48.7574821472168
  Stream: 27.856794548034667
  Technical: 31.863599395751955
  Rate: 100
