Artist: Kofu
AssetId: rbxassetid://10080107969
CoverImageAssetId: ''
Description: ''
Filename: snow motion (HEAVY)
HitSFXGroup: 0
MD5Hash: d72447bb8efef3dc68607842795fcbaa
NotePrebufferTime: 1000
TimeOffset: -70
Volume: 0.5
Difficulty:
- Overall: 35
  Chordjack: 22.530595207214358
  Handstream: 23.65019474029541
  Jack: 17.921700096130373
  Jumpstream: 35.81010131835938
  Stamina: 34.088948822021486
  Stream: 30.463199615478516
  Technical: 32.58809967041016
  Rate: 100
