Artist: LindaAI-CUE
AssetId: rbxassetid://0
CoverImageAssetId: ''
Description: ''
Filename: Haya Saitama2000
HitSFXGroup: 0
Mapper: selling femboys
MD5Hash: 043ebb05d46634f3aa083bdb144b1025
NotePrebufferTime: 1000
TimeOffset: -75
Volume: 0.5
Difficulty:
- Overall: 40
  Chordjack: 41.59529914855957
  Handstream: 28.128594589233398
  Jack: 29.455204010009766
  Jumpstream: 27.533695220947266
  Stamina: 38.59165077209473
  Stream: 25.121694946289065
  Technical: 31.47480010986328
  Rate: 100
