Artist: milkypossum
AssetId: rbxassetid://13641455649
CoverImageAssetId: ''
Description: ''
Filename: BUTT3RFLi3S >w<
HitSFXGroup: 0
Mapper: '[LS]SureFir3'
MD5Hash: ed50c176425b0a33dfec903ed3610a52
NotePrebufferTime: 1000
TimeOffset: -75
Volume: 0.5
Difficulty:
- Overall: 63
  Chordjack: 59.835601043701175
  Handstream: 47.88899574279785
  Jack: 33.73290252685547
  Jumpstream: 47.82689895629883
  Stamina: 57.87256393432617
  Stream: 36.78299903869629
  Technical: 43.87049903869629
  Rate: 100
