Artist: TJ.Hangneil
AssetId: rbxassetid://10064753692
CoverImageAssetId: ''
Description: ''
Filename: Kamui (HEAVY)
HitSFXGroup: 0
MD5Hash: 1b047229176e483e22be2af8dc72461b
NotePrebufferTime: 1000
TimeOffset: -150
Volume: 0.5
Difficulty:
- Overall: 19
  Chordjack: 12.465001201629638
  Handstream: 12.033900260925293
  Jack: 14.811298942565918
  Jumpstream: 21.019497871398926
  Stamina: 18.100916290283205
  Stream: 21.73769645690918
  Technical: 22.659296607971193
  Rate: 100
