Artist: Shadow Of Intent
AssetId: rbxassetid://10049563669
CoverImageAssetId: ''
Description: ''
Filename: The Prelude to Bereavement
HitSFXGroup: 0
Mapper: wolfyou
MD5Hash: dad4570c89487c0939a079174319e20c
NotePrebufferTime: 1000
TimeOffset: -70
Volume: 0.5
Difficulty:
- Overall: 41
  Chordjack: 31.26690101623535
  Handstream: 27.116994094848632
  Jack: 26.377195358276367
  Jumpstream: 41.69340019226075
  Stamina: 41.651707077026366
  Stream: 35.65079612731934
  Technical: 37.86749725341797
  Rate: 100
