Artist: FriendTheBarrel
AssetId: rbxassetid://10799498283
CoverImageAssetId: ''
Description: ''
Filename: Abyssal Ocean
HitSFXGroup: 0
Mapper: Zailscode576
MD5Hash: 6ae65bc7c3b7e52ce0f5961b42ee1882
NotePrebufferTime: 1000
TimeOffset: -75
Volume: 0.5
Difficulty:
- Overall: 51
  Chordjack: 51.67529640197754
  Handstream: 33.27119522094727
  Jack: 33.92549629211426
  Jumpstream: 34.50149574279785
  Stamina: 49.30806541442871
  Stream: 29.974500274658205
  Technical: 34.26479873657227
  Rate: 100
