Artist: Risk Junk
AssetId: rbxassetid://10698007063
CoverImageAssetId: ''
Description: ''
Filename: Tropical April
HitSFXGroup: 0
MD5Hash: 9df05cb8049dea05808f16cbc8c78a4d
NotePrebufferTime: 1000
TimeOffset: -60
Volume: 0.5
Difficulty:
- Overall: 28
  Chordjack: 23.693395042419436
  Handstream: 22.929297637939452
  Jack: 18.180898475646973
  Jumpstream: 36.65339813232422
  Stamina: 34.085457229614256
  Stream: 33.27659912109375
  Technical: 32.00040321350098
  Rate: 100
