Artist: The Prodigy
AssetId: rbxassetid://2992934424
CoverImageAssetId: ''
Description: ''
Filename: Omen (Cut)
HitSFXGroup: 0
Mapper: ilikexd
MD5Hash: fc6ab6400354d1285db63183e02f9fbb
NotePrebufferTime: 1000
TimeOffset: -70
Volume: 0.5
Difficulty:
- Overall: 37
  Chordjack: 26.918095207214357
  Handstream: 26.632793998718263
  Jack: 24.092996978759768
  Jumpstream: 40.05809555053711
  Stamina: 40.68475914001465
  Stream: 43.175699615478514
  Technical: 41.1254997253418
  Rate: 100
