Artist: SOOOO
AssetId: rbxassetid://4902916357
CoverImageAssetId: ''
Description: ''
Filename: Happppy Song (HEAVY)
HitSFXGroup: 0
Mapper: SaltedFISSH
MD5Hash: 6f6c4a709f014ee8f9a88bf200b14a4b
NotePrebufferTime: 1000
TimeOffset: -70
Volume: 0.5
Difficulty:
- Overall: 43
  Chordjack: 32.529600906372075
  Handstream: 43.80839538574219
  Jack: 28.030500411987305
  Jumpstream: 45.43469467163086
  Stamina: 45.38926277160645
  Stream: 40.665594863891606
  Technical: 40.50989456176758
  Rate: 100
