Artist: Xenon-P feat. Hatsune Miku
AssetId: rbxassetid://13155793445
CoverImageAssetId: ''
Description: ''
Filename: Hayabusa
HitSFXGroup: 0
Mapper: Hylotl
MD5Hash: 45519302368be28c5d13b01104c19233
NotePrebufferTime: 1000
TimeOffset: -75
Volume: 0.5
Difficulty:
- Overall: 70
  Chordjack: 67.87439346313477
  Handstream: 47.880896759033206
  Jack: 37.32389717102051
  Jumpstream: 48.25259513854981
  Stamina: 67.8065185546875
  Stream: 34.937996292114256
  Technical: 40.69619865417481
  Rate: 100
