Artist: xi
AssetId: rbxassetid://129776767968088
CoverImageAssetId: rbxassetid://8359802196
Description: ''
Filename: PEACE BREAKER  (LIGHT)
HitSFXGroup: 0
Mapper: Fullerene-
MD5Hash: 527425ffe0c2a6eeeb8c04dff147d70f
NotePrebufferTime: 1000
TimeOffset: 0
Volume: 0.5
Difficulty:
- Overall: 46
  Chordjack: 34.69409637451172
  Handstream: 37.200599670410156
  Jack: 28.58759994506836
  Jumpstream: 48.481193161010744
  Stamina: 50.82971649169922
  Stream: 50.88059692382813
  Technical: 49.19309349060059
  Rate: 100
