Artist: Hige Driver join. SELEN
AssetId: rbxassetid://1065908427
CoverImageAssetId: ''
Description: ''
Filename: Dadadadadadadadadada (INF FX) (LIGHT)
HitSFXGroup: 0
MD5Hash: 86a4da1710c249af7da03cbd50aef071
NotePrebufferTime: 1000
TimeOffset: -80
Volume: 0.5
Difficulty:
- Overall: 26
  Chordjack: 20.271595001220703
  Handstream: 16.475398063659668
  Jack: 22.32809829711914
  Jumpstream: 28.921498489379882
  Stamina: 27.31823959350586
  Stream: 26.87219295501709
  Technical: 27.91259479522705
  Rate: 100
