Artist: RoughSketch
AssetId: rbxassetid://103426609351930
CoverImageAssetId: rbxassetid://8359990596
Description: Made by Slick6969
Filename: '777'
HitSFXGroup: 0
Mapper: Slick6969
MD5Hash: e32d14f2f8d355dc06197a4e8d97b08b
NotePrebufferTime: 1000
TimeOffset: 250
Volume: 0.5
Difficulty:
- Overall: 40
  Chordjack: 42.930000686645506
  Handstream: 42.74909706115723
  Jack: 30.752098846435548
  Jumpstream: 42.703198242187504
  Stamina: 40.57237243652344
  Stream: 32.494499588012694
  Technical: 43.773297500610354
  Rate: 100
