Artist: Camellia
AssetId: rbxassetid://10025015019
CoverImageAssetId: ''
Description: ''
Filename: Shun no Shifudo
HitSFXGroup: 0
Mapper: Evening
MD5Hash: 173a586094896cb4a7c1874e3574aca4
NotePrebufferTime: 1000
TimeOffset: -70
Volume: 0.5
Difficulty:
- Overall: 46
  Chordjack: 39.00149230957032
  Handstream: 42.52679901123047
  Jack: 30.680100631713866
  Jumpstream: 43.93529777526856
  Stamina: 42.901309204101565
  Stream: 39.05460090637207
  Technical: 40.60530052185059
  Rate: 100
