Artist: Izayoi Sak
AssetId: rbxassetid://10024698621
CoverImageAssetId: ''
Description: ''
Filename: Blue Planet (LIGHT)
HitSFXGroup: 0
Mapper: Shoegazer
MD5Hash: f499028e33f43dc5d97d3cfe83e734be
NotePrebufferTime: 1000
TimeOffset: -80
Volume: 0.5
Difficulty:
- Overall: 22
  Chordjack: 16.55009822845459
  Handstream: 21.591895866394044
  Jack: 14.811298942565918
  Jumpstream: 29.145602416992187
  Stamina: 27.714669227600098
  Stream: 27.476095962524415
  Technical: 27.402297019958496
  Rate: 100
