Artist: Hoshimachi Suisei
AssetId: rbxassetid://9512577350
CoverImageAssetId: ''
Description: ''
Filename: Ghost
HitSFXGroup: 0
Mapper: ade_maine
MD5Hash: 7051f7d91f95fd57aa545c0d5918bebd
NotePrebufferTime: 1000
TimeOffset: -75
Volume: 0.5
Difficulty:
- Overall: 83
  Chordjack: 74.04749450683595
  Handstream: 43.321498489379884
  Jack: 42.862500000000004
  Jumpstream: 44.35829544067383
  Stamina: 73.97344665527343
  Stream: 37.10699615478516
  Technical: 43.883995056152344
  Rate: 100
