Artist: Konuko
AssetId: rbxassetid://10727738287
CoverImageAssetId: ''
Description: ''
Filename: Toumei Elegy
HitSFXGroup: 0
MD5Hash: d48fe592af9ffb61e9932f945c1bc9c2
NotePrebufferTime: 1000
TimeOffset: -115
Volume: 0.5
Difficulty:
- Overall: 35
  Chordjack: 37.793696594238284
  Handstream: 31.768200302124026
  Jack: 25.24139442443848
  Jumpstream: 31.69709815979004
  Stamina: 37.75590362548828
  Stream: 23.948095893859865
  Technical: 29.616301345825196
  Rate: 100
