Artist: 455-38B
AssetId: rbxassetid://10024109748
CoverImageAssetId: rbxassetid://8356935476
Description: ''
Filename: G e n g a o z o
HitSFXGroup: 0
Mapper: Shoegazer
MD5Hash: d5542566325ed2ee65a74e01d6304461
NotePrebufferTime: 1000
TimeOffset: -75
Volume: 0.5
Difficulty:
- Overall: 50
  Chordjack: 41.58809967041016
  Handstream: 39.67829475402832
  Jack: 33.917397308349614
  Jumpstream: 45.906296539306645
  Stamina: 45.86039428710938
  Stream: 42.12089881896973
  Technical: 43.05059967041016
  Rate: 100
