Artist: moldycheese99
AssetId: rbxassetid://10017787936
CoverImageAssetId: rbxassetid://8357143147
Description: ''
Filename: you should not be up this late (EXTRA)
HitSFXGroup: 0
Mapper: moldycheese99
MD5Hash: 37a8bb001e22fb1060fc279c149e11f9
NotePrebufferTime: 1000
TimeOffset: -70
Volume: 0.5
Difficulty:
- Overall: 59
  Chordjack: 44.98469467163086
  Handstream: 31.311900329589843
  Jack: 36.236700439453124
  Jumpstream: 53.983791732788085
  Stamina: 51.72709007263184
  Stream: 46.60469398498535
  Technical: 43.485297775268556
  Rate: 100
