Artist: Exilelord
AssetId: rbxassetid://4996358427
CoverImageAssetId: ''
Description: ''
Filename: Soulless 5 (Halfduck Cover) (dann_yy, Innocherii, BaniiYanii) (HEAVY)
HitSFXGroup: 0
MD5Hash: ff62bc153904cd095aa77d4867a13155
NotePrebufferTime: 1000
TimeOffset: -70
Volume: 0.5
Difficulty:
- Overall: 47
  Chordjack: 35.48609733581543
  Handstream: 40.26599807739258
  Jack: 26.46719570159912
  Jumpstream: 41.118293380737306
  Stamina: 43.07858047485352
  Stream: 36.75779914855957
  Technical: 43.1216983795166
  Rate: 100
