Artist: Bang
AssetId: rbxassetid://1935506177
CoverImageAssetId: ''
Description: ''
Filename: Shooting Star
HitSFXGroup: 0
Mapper: Leo137
MD5Hash: 3709f4bd3e11ac60121f6702d9a8f1e2
NotePrebufferTime: 1000
TimeOffset: -70
Volume: 0.5
Difficulty:
- Overall: 33
  Chordjack: 25.73009548187256
  Handstream: 37.872897720336915
  Jack: 23.353194808959962
  Jumpstream: 38.42820167541504
  Stamina: 37.19921951293946
  Stream: 32.81309967041016
  Technical: 33.95069618225098
  Rate: 100
