Artist: Holder
AssetId: rbxassetid://10029219513
CoverImageAssetId: ''
Description: ''
Filename: Crash Bandicoot Theme Trap Remix
HitSFXGroup: 0
Mapper: Wh1teh
MD5Hash: 68b718960c924fa7b59741dce539b4ea
NotePrebufferTime: 1000
TimeOffset: 225
Volume: 0.5
Difficulty:
- Overall: 44
  Chordjack: 31.750203323364257
  Handstream: 44.14859733581543
  Jack: 25.308901977539062
  Jumpstream: 42.691497802734375
  Stamina: 42.63978652954102
  Stream: 45.45179901123047
  Technical: 43.991997528076176
  Rate: 100
