Artist: Camellia feat. Nanahira
AssetId: rbxassetid://8928948077
CoverImageAssetId: ''
Description: ''
Filename: PAPAYAPA BASS (Speed Up Ver.)
HitSFXGroup: 0
Mapper: A_scend
MD5Hash: 451a1a59937753ab033917a3a879e737
NotePrebufferTime: 1000
TimeOffset: -75
Volume: 0.5
Difficulty:
- Overall: 50
  Chordjack: 34.94249382019043
  Handstream: 38.34720153808594
  Jack: 27.739795303344728
  Jumpstream: 45.019799423217776
  Stamina: 47.88026504516602
  Stream: 51.24779777526856
  Technical: 49.58009719848633
  Rate: 100
