Artist: Umeboshi Chazuke
AssetId: rbxassetid://10037937172
CoverImageAssetId: ''
Description: ''
Filename: Bison Charge (EXTRA)
HitSFXGroup: 0
Mapper: AYAYAA
MD5Hash: 8e07d10cfc068b482f2bda7690ee95b3
NotePrebufferTime: 1000
TimeOffset: -70
Volume: 0.5
Difficulty:
- Overall: 42
  Chordjack: 32.7041976928711
  Handstream: 37.82159500122071
  Jack: 28.552498626708985
  Jumpstream: 40.60799903869629
  Stamina: 38.110779190063475
  Stream: 34.253094863891604
  Technical: 39.35069618225098
  Rate: 100
