Artist: OSTER Project
AssetId: rbxassetid://5732673234
CoverImageAssetId: ''
Description: ''
Filename: Devilz Sacrifice
HitSFXGroup: 0
MD5Hash: dccfe0bc9fc6fbe3fbd67b95ae585fb1
NotePrebufferTime: 1000
TimeOffset: -70
Volume: 0.5
Difficulty:
- Overall: 27
  Chordjack: 20.55329818725586
  Handstream: 24.566394424438478
  Jack: 20.92229804992676
  Jumpstream: 32.61599807739258
  Stamina: 30.832477569580078
  Stream: 30.127502059936525
  Technical: 31.12020263671875
  Rate: 100
