Artist: Various Artists
AssetId: rbxassetid://0
CoverImageAssetId: ''
Description: ''
Filename: Chordjack Joker Dan CHI
HitSFXGroup: 0
Mapper: '[Crz]Rachel&Ice V'
MD5Hash: fa5a49ae1f6332086399dc3cbe471ed6
NotePrebufferTime: 1000
TimeOffset: -75
Volume: 0.5
Difficulty:
- Overall: 70
  Chordjack: 63.23489456176758
  Handstream: 38.6531982421875
  Jack: 47.13749656677246
  Jumpstream: 40.79249725341797
  Stamina: 63.171661376953125
  Stream: 34.24589881896973
  Technical: 40.516201400756835
  Rate: 100
