Artist: Sakue Nachi
AssetId: rbxassetid://10799516260
CoverImageAssetId: ''
Description: ''
Filename: End of Daylight
HitSFXGroup: 0
Mapper: pow wow zee
MD5Hash: 5ee4353e55b70f7cba1c50949b99be17
NotePrebufferTime: 1000
TimeOffset: -75
Volume: 0.5
Difficulty:
- Overall: 53
  Chordjack: 53.12609596252442
  Handstream: 30.329101181030275
  Jack: 34.12079887390137
  Jumpstream: 31.667404174804688
  Stamina: 53.072970199584965
  Stream: 29.25
  Technical: 35.20529708862305
  Rate: 100
