Artist: NAOKI underground
AssetId: rbxassetid://10724375084
CoverImageAssetId: ''
Description: ''
Filename: otorii innovated -[i]3-
HitSFXGroup: 0
Mapper: horrortic
MD5Hash: 7d7cc72e6f055c5f885c7de91ac28b31
NotePrebufferTime: 1000
TimeOffset: 375
Volume: 0.8
Difficulty:
- Overall: 42
  Chordjack: 33.48090019226074
  Handstream: 34.7633960723877
  Jack: 33.23069686889649
  Jumpstream: 42.649200439453125
  Stamina: 40.69426918029785
  Stream: 36.26100082397461
  Technical: 41.40360145568848
  Rate: 100
