Artist: Team Grimoire vs Laur
AssetId: rbxassetid://10698118788
CoverImageAssetId: ''
Description: ''
Filename: Grievous Lady (EXTRA)
HitSFXGroup: 0
MD5Hash: c8f0ea2f944e3a63b780a690058ac29b
NotePrebufferTime: 1000
TimeOffset: -70
Volume: 0.5
Difficulty:
- Overall: 36
  Chordjack: 33.68879928588867
  Handstream: 37.963799285888676
  Jack: 22.957197761535646
  Jumpstream: 35.19089813232422
  Stamina: 35.28564147949219
  Stream: 28.160993957519533
  Technical: 35.13960227966309
  Rate: 100
