Artist: Camellia
AssetId: rbxassetid://10029057295
CoverImageAssetId: ''
Description: Made by Slick6969
Filename: Wolves Standing Towards Enemies
HitSFXGroup: 0
Mapper: Slick6969
MD5Hash: 5f6aafbde791b2f166e8431e5fe56671
NotePrebufferTime: 1000
TimeOffset: 250
Volume: 0.5
Difficulty:
- Overall: 41
  Chordjack: 26.963994026184082
  Handstream: 33.28469467163086
  Jack: 22.976097679138185
  Jumpstream: 35.17199478149414
  Stamina: 32.15421180725098
  Stream: 30.497404861450196
  Technical: 35.32769851684571
  Rate: 100
