Artist: ARforest
AssetId: rbxassetid://10026817902
CoverImageAssetId: ''
Description: ''
Filename: Hemisphere (HEAVY)
HitSFXGroup: 0
Mapper: pierceisdyinglol
MD5Hash: 4cf1113dd1f5515b8731c0cf523e8c2f
NotePrebufferTime: 1000
TimeOffset: 1050
Volume: 0.5
Difficulty:
- Overall: 39
  Chordjack: 24.956096649169922
  Handstream: 40.16879997253418
  Jack: 23.874296951293946
  Jumpstream: 36.644396209716795
  Stamina: 37.35501594543457
  Stream: 36.240295028686525
  Technical: 36.04679832458496
  Rate: 100
