Artist: "Camellia"
AssetId: rbxassetid://9512641280
CoverImageAssetId: rbxassetid://8361987872
Description: ''
Filename: We Could Get More Machinegun Psystyle! (And More Genre Switches)
HitSFXGroup: 0
Mapper: '_Y u r i_'
MD5Hash: 3d65ee9919e87dcfa2cf0621c4a79553
NotePrebufferTime: 800
TimeOffset: -155
Volume: 0.5
Difficulty:
- Overall: 34
  Chordjack: 28.50659637451172
  Handstream: 33.67079887390137
  Jack: 24.38009548187256
  Jumpstream: 38.648693847656254
  Stamina: 38.610046005249025
  Stream: 34.12529983520508
  Technical: 36.44639854431153
  Rate: 100
