Artist: Camellia
AssetId: rbxassetid://10024114377
CoverImageAssetId: ''
Description: ''
Filename: Dyscontrolled Galaxy
HitSFXGroup: 0
Mapper: Evening
MD5Hash: efd1ed44720b4fc8e4f5f4f336443151
NotePrebufferTime: 1000
TimeOffset: -125
Volume: 0.5
Difficulty:
- Overall: 49
  Chordjack: 46.427398681640625
  Handstream: 43.44479942321777
  Jack: 34.010097885131835
  Jumpstream: 44.56349601745605
  Stamina: 43.7789966583252
  Stream: 33.31080093383789
  Technical: 42.7661979675293
  Rate: 100
