Artist: SOOOO
AssetId: rbxassetid://4902916357
CoverImageAssetId: ''
Description: ''
Filename: Happppy Song
HitSFXGroup: 0
Mapper: SaltedFISSH
MD5Hash: 72e214df415c9e4cd7ce690f3bd950ae
NotePrebufferTime: 1000
TimeOffset: -70
Volume: 0.5
Difficulty:
- Overall: 28
  Chordjack: 21.185997390747072
  Handstream: 19.484096717834472
  Jack: 26.216101455688477
  Jumpstream: 21.37049732208252
  Stamina: 36.031650924682616
  Stream: 36.80549697875977
  Technical: 33.89489593505859
  Rate: 100
