Artist: YunoMaya
AssetId: rbxassetid://6586840152
CoverImageAssetId: ''
Description: ''
Filename: watch the stars with her
HitSFXGroup: 0
Mapper: YunoMaya
MD5Hash: 1dc1d4794b9e9d93868d3ef457024669
NotePrebufferTime: 1000
TimeOffset: 175
Volume: 0.5
Difficulty:
- Overall: 31
  Chordjack: 31.42980079650879
  Handstream: 30.711600494384765
  Jack: 29.222105026245117
  Jumpstream: 37.08719673156738
  Stamina: 34.47565383911133
  Stream: 27.27719535827637
  Technical: 35.287196731567384
  Rate: 100
