Artist: Smiley vs. hi19hi19
AssetId: rbxassetid://10024133342
CoverImageAssetId: rbxassetid://8359967626
Description: ''
Filename: Destiny GAMMA (LIGHT)
HitSFXGroup: 0
Mapper: hi19hi19
MD5Hash: e3e83c541bb5873b02c8ed6824136cd5
NotePrebufferTime: 1000
TimeOffset: -70
Volume: 0.5
Difficulty:
- Overall: 36
  Chordjack: 24.55649642944336
  Handstream: 22.335296058654787
  Jack: 25.387195014953615
  Jumpstream: 27.9521936416626
  Stamina: 40.08885040283203
  Stream: 42.04529914855957
  Technical: 40.76460227966309
  Rate: 100
