Artist: Camellia
AssetId: rbxassetid://13156445679
CoverImageAssetId: ''
Description: ''
Filename: BLACK JACK
HitSFXGroup: 0
Mapper: Macan0133
MD5Hash: 7383b4735977e9531aa3aa33247d90a5
NotePrebufferTime: 1000
TimeOffset: -75
Volume: 0.5
Difficulty:
- Overall: 47
  Chordjack: 50.04089469909668
  Handstream: 43.46639442443848
  Jack: 27.376194190979003
  Jumpstream: 44.628294754028325
  Stamina: 48.8230396270752
  Stream: 33.360297775268556
  Technical: 37.603797912597656
  Rate: 100
