Artist: TamaDo
AssetId: rbxassetid://10023997445
CoverImageAssetId: rbxassetid://8359902845
Description: ''
Filename: Triumphal Return
HitSFXGroup: 0
Mapper: _underjoy
MD5Hash: cd3b077a35346130d43ea4ba7f9da32a
NotePrebufferTime: 1000
TimeOffset: -70
Volume: 0.5
Difficulty:
- Overall: 51
  Chordjack: 36.22589950561524
  Handstream: 52.92269096374512
  Jack: 28.160099601745607
  Jumpstream: 48.8942928314209
  Stamina: 50.29493293762207
  Stream: 45.74609870910645
  Technical: 47.4101978302002
  Rate: 100
