Artist: Kobaryo
AssetId: rbxassetid://10049435232
CoverImageAssetId: ''
Description: ''
Filename: Dotabata Animation [feat. t+pazolite] (HEAVY)
HitSFXGroup: 0
MD5Hash: 16790a2242f2f4cb101a1c12afa066ea
NotePrebufferTime: 1000
TimeOffset: -70
Volume: 0.5
Difficulty:
- Overall: 34
  Chordjack: 24.227994918823242
  Handstream: 26.924393463134766
  Jack: 19.865698242187502
  Jumpstream: 32.615098571777345
  Stamina: 27.450873756408694
  Stream: 26.306094932556153
  Technical: 32.17410049438477
  Rate: 100
