Artist: Chroma
AssetId: rbxassetid://10024158617
CoverImageAssetId: ''
Description: ''
Filename: Dark Sheep (HEAVY)
HitSFXGroup: 0
Mapper: Feylos
MD5Hash: b60e67517f8f6948dba30725104127bc
NotePrebufferTime: 1000
TimeOffset: -75
Volume: 0.5
Difficulty:
- Overall: 31
  Chordjack: 21.347995948791503
  Handstream: 23.688895797729494
  Jack: 18.665098571777346
  Jumpstream: 32.9913013458252
  Stamina: 32.85384521484375
  Stream: 31.418999862670898
  Technical: 31.74389991760254
  Rate: 100
