Artist: Nameless
AssetId: rbxassetid://12990949392
CoverImageAssetId: rbxassetid://8356772800
Description: ''
Filename: Milk Crown on Sonettica
HitSFXGroup: 0
Mapper: A_scend
MD5Hash: b8ca90a77002af6e6e282244a4c0ec86
NotePrebufferTime: 1000
TimeOffset: -70
Volume: 0.5
Difficulty:
- Overall: 45
  Chordjack: 43.888496017456056
  Handstream: 34.33049697875977
  Jack: 27.69209575653076
  Jumpstream: 35.73449478149414
  Stamina: 42.011711883544926
  Stream: 28.574993133544922
  Technical: 33.990295028686525
  Rate: 100
