Artist: Camellia
AssetId: rbxassetid://4048229866
CoverImageAssetId: ''
Description: ''
Filename: Megalovania (Camellia Remix) (HEAVY)
HitSFXGroup: 0
MD5Hash: 3d0fd68b13522bb508862b93e1995593
NotePrebufferTime: 1000
TimeOffset: -190
Volume: 0.5
Difficulty:
- Overall: 35
  Chordjack: 30.195902252197268
  Handstream: 33.98669357299805
  Jack: 24.461996841430665
  Jumpstream: 37.849493408203124
  Stamina: 37.8116455078125
  Stream: 35.04509582519531
  Technical: 35.91359596252442
  Rate: 100
