Artist: M2U
AssetId: rbxassetid://10719160034
CoverImageAssetId: ''
Description: ''
Filename: The Queen (LN)
HitSFXGroup: 0
Mapper: 'gemboyong'
MD5Hash: 0b715885bfd0b4063f070ab0818e60fc
NotePrebufferTime: 1000
TimeOffset: 0
Volume: 0.5
Difficulty:
- Overall: 0
  Chordjack: 14.6735990524292
  Handstream: 16.54739799499512
  Jack: 15.588899230957031
  Jumpstream: 23.69069480895996
  Stamina: 20.76214141845703
  Stream: 20.55329818725586
  Technical: 23.554795646667483
  Rate: 100
