Artist: Kyodai
AssetId: rbxassetid://10049553988
CoverImageAssetId: ''
Description: ''
Filename: DIAVOLO (EXTRA)
HitSFXGroup: 0
Mapper: horrortic
MD5Hash: bc010c39b807a7053c3a2f0025a3d321
NotePrebufferTime: 900
TimeOffset: -1075
Volume: 0.5
Difficulty:
- Overall: 41
  Chordjack: 27.342893600463867
  Handstream: 29.679304504394533
  Jack: 31.57020263671875
  Jumpstream: 38.6090950012207
  Stamina: 35.47763442993164
  Stream: 37.91879997253418
  Technical: 42.14429626464844
  Rate: 100
