Artist: Hige Driver join. SELEN
AssetId: rbxassetid://1065908427
CoverImageAssetId: ''
Description: ''
Filename: Dadadadadadadadadada (INF FX) (HEAVY)
HitSFXGroup: 0
MD5Hash: f9619e699d30ba3344e7c70797309c0f
NotePrebufferTime: 800
TimeOffset: -80
Volume: 0.5
Difficulty:
- Overall: 31
  Chordjack: 28.247394561767578
  Handstream: 26.74529571533203
  Jack: 25.179301071166993
  Jumpstream: 32.53140335083008
  Stamina: 30.903696441650393
  Stream: 25.30349636077881
  Technical: 30.508202362060548
  Rate: 100
