Artist: DJ Sharpnel
AssetId: rbxassetid://10045128890
CoverImageAssetId: ''
Description: ''
Filename: Blue Army
HitSFXGroup: 0
Mapper: IcyWorld
MD5Hash: a4681eda929bfe97479666619755309f
NotePrebufferTime: 1000
TimeOffset: -70
Volume: 0.5
Difficulty:
- Overall: 33
  Chordjack: 27.06569309234619
  Handstream: 39.24359664916992
  Jack: 24.873295783996582
  Jumpstream: 40.0841983795166
  Stamina: 40.044115447998045
  Stream: 32.28929901123047
  Technical: 35.622897720336915
  Rate: 100
