Artist: Camellia
AssetId: rbxassetid://9513001409
CoverImageAssetId: ''
Description: ''
Filename: Hello (BPM) 2022
HitSFXGroup: 0
Mapper: ph03n1x
MD5Hash: 28def43db3046e1be7cc8e6e5f0eff8e
NotePrebufferTime: 1000
TimeOffset: -75
Volume: 0.5
Difficulty:
- Overall: 37
  Chordjack: 29.263499450683593
  Handstream: 23.631296539306643
  Jack: 32.13540458679199
  Jumpstream: 35.94599876403809
  Stamina: 35.15092849731445
  Stream: 38.90429763793946
  Technical: 39.58740005493164
  Rate: 100
