Artist: Yuta Imai
AssetId: rbxassetid://12983634312
CoverImageAssetId: ''
Description: ''
Filename: Into The Madness
HitSFXGroup: 0
Mapper: Xingyue
MD5Hash: e5e818644885c4ac909b56bd33f9594d
NotePrebufferTime: 1000
TimeOffset: -75
Volume: 0.5
Difficulty:
- Overall: 42
  Chordjack: 43.63289566040039
  Handstream: 27.996295166015624
  Jack: 27.67050075531006
  Jumpstream: 32.299200439453124
  Stamina: 41.507205963134766
  Stream: 25.705795097351075
  Technical: 31.0941032409668
  Rate: 100
