Artist: OISHII
AssetId: rbxassetid://10070176512
CoverImageAssetId: ''
Description: ''
Filename: ONIGIRI FREEWAY (LIGHT)
HitSFXGroup: 0
Mapper: Mentholzzz
MD5Hash: 09737bffdbc70b26e3581b6eb77ebf73
NotePrebufferTime: 1000
TimeOffset: -75
Volume: 0.5
Difficulty:
- Overall: 22
  Chordjack: 18.353697967529296
  Handstream: 23.049894905090333
  Jack: 16.5536979675293
  Jumpstream: 30.255300521850586
  Stamina: 28.952541732788088
  Stream: 28.845902252197266
  Technical: 28.736998558044434
  Rate: 100
