Artist: xi
AssetId: rbxassetid://10017940165
CoverImageAssetId: rbxassetid://8359749431
Description: ''
Filename: Ascension to Heaven (LIGHT)
HitSFXGroup: 0
Mapper: hansuyo
MD5Hash: 1f63586e281537afee7823359e6e0ab9
NotePrebufferTime: 1000
TimeOffset: -70
Volume: 0.5
Difficulty:
- Overall: 28
  Chordjack: 21.902395248413086
  Handstream: 20.2544958114624
  Jack: 19.596595001220702
  Jumpstream: 32.861700439453124
  Stamina: 32.77756233215332
  Stream: 32.36309623718262
  Technical: 31.588203048706056
  Rate: 100
