Artist: Plasterbrain
AssetId: rbxassetid://4788138689
CoverImageAssetId: ''
Description: ''
Filename: Nimbasa CORE
HitSFXGroup: 0
Mapper: Leo137
MD5Hash: 883b7287f8e84e31dbb3c26df6ca3536
NotePrebufferTime: 1000
TimeOffset: -70
Volume: 0.5
Difficulty:
- Overall: 41
  Chordjack: 31.390201950073244
  Handstream: 24.145194053649902
  Jack: 26.86410083770752
  Jumpstream: 39.97980422973633
  Stamina: 39.92103080749512
  Stream: 43.67789497375488
  Technical: 42.16319961547852
  Rate: 100
