Artist: t+pazolite
AssetId: rbxassetid://10724376679
CoverImageAssetId: ''
Description: ''
Filename: Garakuta Doll Play (LIGHT)
HitSFXGroup: 0
Mapper: Caput Mortuum
MD5Hash: 435b6a6d00b216e89518c8d2e1bb4d55
NotePrebufferTime: 1000
TimeOffset: -365
Volume: 0.8
Difficulty:
- Overall: 12
  Chordjack: 14.877000617980958
  Handstream: 12.592799663543701
  Jack: 14.61240005493164
  Jumpstream: 22.470297431945802
  Stamina: 19.576692581176758
  Stream: 19.249197006225586
  Technical: 22.351497459411622
  Rate: 100
