Artist: Nightmare
AssetId: rbxassetid://10046513194
CoverImageAssetId: ''
Description: ''
Filename: Boulafacet (HEAVY)
HitSFXGroup: 0
MD5Hash: e39f42139325d76bac0f2cbd8233882d
NotePrebufferTime: 1000
TimeOffset: -70
Volume: 0.5
Difficulty:
- Overall: 31
  Chordjack: 23.052595138549805
  Handstream: 21.266096305847167
  Jack: 23.70059623718262
  Jumpstream: 31.416297912597656
  Stamina: 28.697025489807128
  Stream: 29.3562068939209
  Technical: 34.10910186767578
  Rate: 100
