Artist: Camellia
AssetId: rbxassetid://8887359309
CoverImageAssetId: ''
Description: ''
Filename: Looking for Edge of Ground (Cut)
HitSFXGroup: 0
Mapper: A_scend
MD5Hash: f0f31b965822d8b2680aafcc3d06b856
NotePrebufferTime: 1000
TimeOffset: -75
Volume: 0.5
Difficulty:
- Overall: 49
  Chordjack: 36.84689826965332
  Handstream: 40.616997528076176
  Jack: 28.257295989990237
  Jumpstream: 44.90639305114746
  Stamina: 46.627871704101565
  Stream: 46.94940032958984
  Technical: 46.83149299621582
  Rate: 100
