Artist: Kobaryo
AssetId: rbxassetid://10025117794
CoverImageAssetId: ''
Description: ''
Filename: Cartoon Candy (HEAVY)
HitSFXGroup: 0
MD5Hash: 65d477c153d266cbc3882193bd55593d
NotePrebufferTime: 1000
TimeOffset: -150
Volume: 0.5
Difficulty:
- Overall: 46
  Chordjack: 39.983402252197266
  Handstream: 37.17719535827637
  Jack: 33.506096649169926
  Jumpstream: 40.232695770263675
  Stamina: 38.13225059509278
  Stream: 37.44899711608887
  Technical: 41.768100357055665
  Rate: 100
