Artist: Porter Robinson
AssetId: rbxassetid://10080303063
CoverImageAssetId: ''
Description: ''
Filename: Get Your Wish (Sewers Remix)
HitSFXGroup: 0
MD5Hash: 077cb289d771ecb42dcac778fc89614e
NotePrebufferTime: 1000
TimeOffset: -70
Volume: 0.5
Difficulty:
- Overall: 34
  Chordjack: 26.33489456176758
  Handstream: 33.97499656677246
  Jack: 20.490298461914062
  Jumpstream: 35.80829544067383
  Stamina: 35.17750854492188
  Stream: 32.63219947814942
  Technical: 32.99129791259766
  Rate: 100
