Artist: Camellia
AssetId: rbxassetid://10024680635
CoverImageAssetId: ''
Description: ''
Filename: Qyoh (Nine Stars)
HitSFXGroup: 0
Mapper: Slick6969
MD5Hash: abb2eed1e28bdd7ab50baae6547a1b4f
NotePrebufferTime: 1000
TimeOffset: -75
Volume: 0.5
Difficulty:
- Overall: 40
  Chordjack: 35.567097473144536
  Handstream: 38.37509651184082
  Jack: 30.764698791503907
  Jumpstream: 41.23979530334473
  Stamina: 40.4462631225586
  Stream: 34.8263957977295
  Technical: 41.61780052185059
  Rate: 100
