Artist: Yu-dachi
AssetId: rbxassetid://13873073491
CoverImageAssetId: ''
Description: ''
Filename: Shirahina no Tenshi
HitSFXGroup: 0
Mapper: Turtle_Bits
MD5Hash: 49f1244b1741fda2d832b3fc3029b714
NotePrebufferTime: 1000
TimeOffset: -75
Volume: 0.5
Difficulty:
- Overall: 33
  Chordjack: 23.688895797729494
  Handstream: 25.658995056152346
  Jack: 22.457697486877443
  Jumpstream: 33.44940032958984
  Stamina: 29.278413391113283
  Stream: 29.41830368041992
  Technical: 33.281096649169925
  Rate: 100
