Artist: fallen shepherd ft. RabbiTon Strings
AssetId: rbxassetid://9512707869
CoverImageAssetId: rbxassetid://8356819512
Description: ''
Filename: ENDYMION (long edit) (EVENT)
HitSFXGroup: 0
Mapper: Various Mappers
MD5Hash: 83c7eb40f6244a165ccbf39852fbf6cd
NotePrebufferTime: 1000
TimeOffset: -70
Volume: 0.5
Difficulty:
- Overall: 45
  Chordjack: 34.60589332580567
  Handstream: 42.16140060424805
  Jack: 27.323101043701172
  Jumpstream: 42.103797912597656
  Stamina: 41.963557434082034
  Stream: 31.361404037475587
  Technical: 39.156296539306645
  Rate: 100
