Artist: laura les
AssetId: rbxassetid://0
CoverImageAssetId: ''
Description: ''
Filename: Haunted (dive to the heart remix) (EXTRA III) (NO AUDIO)
HitSFXGroup: 0
Mapper: Monheim
MD5Hash: 7c69aee6699e454589da4b55ad6ea146
NotePrebufferTime: 1000
TimeOffset: -75
Volume: 0.5
Difficulty:
- Overall: 42
  Chordjack: 35.57879791259766
  Handstream: 24.9470947265625
  Jack: 25.877695083618164
  Jumpstream: 39.806999588012694
  Stamina: 37.20231971740723
  Stream: 31.416297912597656
  Technical: 38.790901565551756
  Rate: 100
