Artist: Nekomata L.E.D.Master+
AssetId: rbxassetid://10698109973
CoverImageAssetId: ''
Description: ''
Filename: Chrono Diver -PENDULUMs- (LIGHT)
HitSFXGroup: 0
MD5Hash: 39d0b2fb0bf63966c676cf69aece75d4
NotePrebufferTime: 1000
TimeOffset: 0
Volume: 0.5
Difficulty:
- Overall: 21
  Chordjack: 16.42499828338623
  Handstream: 13.470300865173341
  Jack: 13.126501750946046
  Jumpstream: 26.018095207214355
  Stamina: 23.204790115356445
  Stream: 26.086495399475098
  Technical: 24.912896347045898
  Rate: 100
