Artist: lapix
AssetId: rbxassetid://10724390114
CoverImageAssetId: ''
Description: ''
Filename: NEO TREASON (LIGHT)
HitSFXGroup: 0
MD5Hash: 03cea09da697928285391e2022502062
NotePrebufferTime: 1000
TimeOffset: -70
Volume: 0.5
Difficulty:
- Overall: 23
  Chordjack: 16.73009719848633
  Handstream: 15.048902320861817
  Jack: 13.644901084899903
  Jumpstream: 25.96949615478516
  Stamina: 24.13055992126465
  Stream: 26.896495056152343
  Technical: 26.396095275878906
  Rate: 100
