Artist: Nightmare
AssetId: rbxassetid://10046513194
CoverImageAssetId: ''
Description: ''
Filename: Boulafacet (LIGHT)
HitSFXGroup: 0
MD5Hash: edefeeeff771c793c05c2e142184f2e4
NotePrebufferTime: 1000
TimeOffset: -70
Volume: 0.5
Difficulty:
- Overall: 25
  Chordjack: 16.7642972946167
  Handstream: 17.06579647064209
  Jack: 17.14409809112549
  Jumpstream: 27.550796127319337
  Stamina: 24.422672653198244
  Stream: 27.124195289611816
  Technical: 28.93590087890625
  Rate: 100
