Artist: Nhato feat. Kanae Asaba
AssetId: rbxassetid://13155634419
CoverImageAssetId: ''
Description: ''
Filename: Don't Stop The Music
HitSFXGroup: 0
Mapper: XingRen
MD5Hash: 2cc718cf500005258b21e995a8439c2d
NotePrebufferTime: 1000
TimeOffset: -75
Volume: 0.5
Difficulty:
- Overall: 38
  Chordjack: 24.22979564666748
  Handstream: 20.460594177246094
  Jack: 19.34729804992676
  Jumpstream: 36.50669631958008
  Stamina: 35.7137134552002
  Stream: 38.30400123596191
  Technical: 37.774800109863286
  Rate: 100
