Artist: Leslie Wai
AssetId: rbxassetid://9512703425
CoverImageAssetId: ''
Description: ''
Filename: Paradigm II (EVENT)
HitSFXGroup: 0
Mapper: Various Mappers
MD5Hash: beb5df5dd034cbbbaa4d41d7dd628ed3
NotePrebufferTime: 1000
TimeOffset: -75
Volume: 0.5
Difficulty:
- Overall: 40
  Chordjack: 31.607099533081055
  Handstream: 31.13010063171387
  Jack: 27.68309555053711
  Jumpstream: 37.97369728088379
  Stamina: 34.7625617980957
  Stream: 35.514902114868164
  Technical: 37.69920043945313
  Rate: 100
