Artist: Nyamo
AssetId: rbxassetid://10724378009
CoverImageAssetId: ''
Description: ''
Filename: Emperor's Divide
HitSFXGroup: 0
Mapper: 'Keikiri'
MD5Hash: 50014fc999fddb393065e1ea161af7b2
NotePrebufferTime: 1000
TimeOffset: -70
Volume: 0.5
Difficulty:
- Overall: 41
  Chordjack: 37.46159706115723
  Handstream: 30.51540184020996
  Jack: 27.62010097503662
  Jumpstream: 35.60309829711914
  Stamina: 33.19420852661133
  Stream: 32.855400466918944
  Technical: 37.00349464416504
  Rate: 100
