Artist: Kang
AssetId: rbxassetid://1095050011
CoverImageAssetId: ''
Description: ''
Filename: Gaussian Mist (Pt. 1)
HitSFXGroup: 0
MD5Hash: 5c9eebbaa53e3c445a9c37e46dbec229
NotePrebufferTime: 800
TimeOffset: -30
Volume: 0.7
Difficulty:
- Overall: 40
  Chordjack: 28.833302307128907
  Handstream: 31.14900054931641
  Jack: 38.87279777526856
  Jumpstream: 32.00040321350098
  Stamina: 23.012699317932128
  Stream: 34.5501033782959
  Technical: 34.5248966217041
  Rate: 100
