Artist: Zekk
AssetId: rbxassetid://10070245532
CoverImageAssetId: ''
Description: ''
Filename: Swampgator (HEAVY)
HitSFXGroup: 0
MD5Hash: 892f4834a6b8388fd35ec1f0fcc30d9a
NotePrebufferTime: 1000
TimeOffset: -42
Volume: 0.5
Difficulty:
- Overall: 33
  Chordjack: 21.85469741821289
  Handstream: 28.4048921585083
  Jack: 20.924097061157227
  Jumpstream: 29.64869728088379
  Stamina: 29.569018936157228
  Stream: 26.349295234680177
  Technical: 29.899803543090822
  Rate: 100
