Artist: Foxsky
AssetId: rbxassetid://235817096
CoverImageAssetId: --FILL IN COVERART ASSETID HERE--
Description: ''
Filename: Kirby Smash (LIGHT)
HitSFXGroup: 0
MD5Hash: f9e53e80604861f2f9221d18eac44f94
NotePrebufferTime: 1000
TimeOffset: 110
Volume: 0.5
Difficulty:
- Overall: 15
  Chordjack: 8.950499725341798
  Handstream: 8.987400913238526
  Jack: 11.441699409484864
  Jumpstream: 12.232800006866455
  Stamina: 13.717751598358154
  Stream: 16.57799835205078
  Technical: 17.347499656677247
  Rate: 100
