Artist: DJ Sharpnel
AssetId: rbxassetid://14091493432
CoverImageAssetId: rbxassetid://8359942953
Description: ''
Filename: COCORO
HitSFXGroup: 0
Mapper: MinaciousGrace
MD5Hash: fab2e150396f9d076345391cf5f264d2
NotePrebufferTime: 1000
TimeOffset: -70
Volume: 0.5
Difficulty:
- Overall: 51
  Chordjack: 33.13979873657227
  Handstream: 42.866997528076176
  Jack: 29.91870346069336
  Jumpstream: 49.8275951385498
  Stamina: 49.77777214050293
  Stream: 47.5910945892334
  Technical: 47.466897583007814
  Rate: 100
