Artist: goto80
AssetId: rbxassetid://2022223505
CoverImageAssetId: ''
Description: ''
Filename: Comsten
HitSFXGroup: 0
Mapper: Windoze
MD5Hash: da37f336cbd611387918ed615b7b1b64
NotePrebufferTime: 1000
TimeOffset: -70
Volume: 10
Difficulty:
- Overall: 45
  Chordjack: 29.458802032470704
  Handstream: 26.947794342041018
  Jack: 24.66089744567871
  Jumpstream: 35.98020057678223
  Stamina: 47.68480796813965
  Stream: 50.23889923095703
  Technical: 48.19049491882324
  Rate: 100
