Artist: Chata
AssetId: rbxassetid://13867338447
CoverImageAssetId: ''
Description: ''
Filename: Glitter
HitSFXGroup: 0
Mapper: Ska
MD5Hash: f21ea939da45696449c48e03a7098e73
NotePrebufferTime: 1000
TimeOffset: -75
Volume: 0.5
Difficulty:
- Overall: 50
  Chordjack: 33.27119522094727
  Handstream: 32.283898544311526
  Jack: 25.77959747314453
  Jumpstream: 38.11499519348145
  Stamina: 49.95803375244141
  Stream: 51.33329544067383
  Technical: 48.11129722595215
  Rate: 100
