Artist: Vickeblanka
AssetId: rbxassetid://10023943575
CoverImageAssetId: rbxassetid://8359884137
Description: ''
Filename: Black Rover (HEAVY)
HitSFXGroup: 0
Mapper: Neptunia-chan
MD5Hash: d0e4b880be898a6e4c08b674f96a43a9
NotePrebufferTime: 1000
TimeOffset: -70
Volume: 0.5
Difficulty:
- Overall: 53
  Chordjack: 40.0626033782959
  Handstream: 37.133998489379884
  Jack: 35.38980216979981
  Jumpstream: 44.60220222473145
  Stamina: 48.8886417388916
  Stream: 56.94750480651856
  Technical: 51.183895111083984
  Rate: 100
