Artist: Chroma
AssetId: rbxassetid://10046487455
CoverImageAssetId: ''
Description: ''
Filename: Black Emperor (HEAVY)
HitSFXGroup: 0
MD5Hash: 179b45c003f0cf9be27bda055f28e37e
NotePrebufferTime: 1000
TimeOffset: -70
Volume: 0.5
Difficulty:
- Overall: 23
  Chordjack: 14.846401977539063
  Handstream: 13.83210039138794
  Jack: 15.886800384521484
  Jumpstream: 22.797896003723146
  Stamina: 22.75627155303955
  Stream: 26.05679454803467
  Technical: 27.365400123596192
  Rate: 100
