Artist: gore****
AssetId: rbxassetid://112065498026742
CoverImageAssetId: ''
Description: ''
Filename: Najimi Breakers
HitSFXGroup: 0
Mapper: Jepetski
MD5Hash: dca6222bb696b8eb426df632f1c2bccf
NotePrebufferTime: 1000
TimeOffset: -75
Volume: 0.5
Difficulty:
- Overall: 42
  Chordjack: 34.2629997253418
  Handstream: 46.69379997253418
  Jack: 26.162096786499024
  Jumpstream: 42.27839813232422
  Stamina: 45.03555793762207
  Stream: 40.599896621704104
  Technical: 41.83919906616211
  Rate: 100
