Artist: Kairiki Bear feat. Hatsune Miku
AssetId: rbxassetid://10698500051
CoverImageAssetId: ''
Description: ''
Filename: Venom (MARETU Remix)
HitSFXGroup: 0
MD5Hash: 476494dcdf6a327c74d4d0dc3c2d2b77
NotePrebufferTime: 1000
TimeOffset: -70
Volume: 0.5
Difficulty:
- Overall: 32
  Chordjack: 22.564795303344727
  Handstream: 25.28009376525879
  Jack: 19.47689723968506
  Jumpstream: 27.53009376525879
  Stamina: 26.555407333374024
  Stream: 20.654096031188967
  Technical: 27.63449478149414
  Rate: 100
