Artist: Camellia
AssetId: rbxassetid://10737385477
CoverImageAssetId: ''
Description: ''
Filename: Syzygia (HEAVY) (LN)
HitSFXGroup: 0
Mapper: eZmmR
MD5Hash: b052a0abb9a145e0c4c540adb475ff17
NotePrebufferTime: 1000
TimeOffset: -75
Volume: 0.5
Difficulty:
- Overall: 0
  Chordjack: 27.654996871948242
  Handstream: 28.47699737548828
  Jack: 20.80350112915039
  Jumpstream: 27.749496459960938
  Stamina: 29.456172943115234
  Stream: 27.543996810913086
  Technical: 29.962997436523438
  Rate: 100
