Artist: Zris
AssetId: rbxassetid://10719382013
CoverImageAssetId: ''
Description: ''
Filename: Tales of Oak (LIGHT)
HitSFXGroup: 0
MD5Hash: 4ca4b7e247591ffd28ecff745fd715fc
NotePrebufferTime: 1000
TimeOffset: -93
Volume: 0.6
Difficulty:
- Overall: 8
  Chordjack: 7.46550178527832
  Handstream: 12.159000205993653
  Jack: 6.950700044631958
  Jumpstream: 13.302000617980957
  Stamina: 11.881833171844482
  Stream: 13.06259994506836
  Technical: 14.117401599884033
  Rate: 100
