Artist: Seiryu
AssetId: rbxassetid://99346886830701
CoverImageAssetId: ''
Description: ''
Filename: AO-INFINITY (Speed up ver.)
HitSFXGroup: 0
Mapper: Moca Loca
MD5Hash: 913a4b0249009c88ba7ccca93b1edcb9
NotePrebufferTime: 1000
TimeOffset: -115
Volume: 0.5
Difficulty:
- Overall: 47
  Chordjack: 38.07899780273438
  Handstream: 47.13479804992676
  Jack: 31.008602142333984
  Jumpstream: 46.17539978027344
  Stamina: 44.73036117553711
  Stream: 34.106396484375004
  Technical: 43.95779914855957
  Rate: 100
