Artist: Yuikonnu & Ayaponzu*
AssetId: rbxassetid://7324923541
CoverImageAssetId: rbxassetid://8351895295
Description: ''
Filename: Shinde Shimaou to wa Nasakenai
HitSFXGroup: 0
Mapper: A_scend
MD5Hash: 7055ab8b8e34f3099ae974884ee2f4a2
NotePrebufferTime: 1000
TimeOffset: -75
Volume: 0.5
Difficulty:
- Overall: 44
  Chordjack: 30.53700370788574
  Handstream: 40.48469467163086
  Jack: 25.82549629211426
  Jumpstream: 46.33109664916992
  Stamina: 44.52579917907715
  Stream: 44.39969673156738
  Technical: 44.07029571533203
  Rate: 100
