Artist: REDALiCE
AssetId: rbxassetid://10698493463
CoverImageAssetId: ''
Description: ''
Filename: Masakari Blade (HEAVY)
HitSFXGroup: 0
MD5Hash: 881bc57f364df9b0fb4136dc6c643703
NotePrebufferTime: 940
TimeOffset: -90
Volume: 0.5
Difficulty:
- Overall: 24
  Chordjack: 18.124198722839356
  Handstream: 17.549097061157227
  Jack: 16.548297500610353
  Jumpstream: 29.046601867675783
  Stamina: 27.383115577697755
  Stream: 24.32699546813965
  Technical: 26.74079475402832
  Rate: 100
