Artist: Petit Rabbits
AssetId: rbxassetid://9512670446
CoverImageAssetId: rbxassetid://8351891724
Description: ''
Filename: Daydream Cafe
HitSFXGroup: 0
Mapper: A_scend
MD5Hash: d561c0c891b83217c875158f0f2b6d2f
NotePrebufferTime: 1000
TimeOffset: -70
Volume: 0.5
Difficulty:
- Overall: 46
  Chordjack: 45.72719535827637
  Handstream: 39.93030052185059
  Jack: 24.38009719848633
  Jumpstream: 39.510897445678715
  Stamina: 40.50228996276856
  Stream: 27.643494987487795
  Technical: 32.82839813232422
  Rate: 100
