Artist: Pokemon
AssetId: rbxassetid://250018951
CoverImageAssetId: --FILL IN COVERART ASSETID HERE--
Description: ''
Filename: Silph Co. (HEAVY)
HitSFXGroup: 0
MD5Hash: 68d23d30f292e96c2e0d12e70c053f8d
NotePrebufferTime: 990
TimeOffset: -80
Volume: 0.5
Difficulty:
- Overall: 27
  Chordjack: 22.885196113586428
  Handstream: 20.893498420715332
  Jack: 19.60649814605713
  Jumpstream: 28.926905822753906
  Stamina: 25.813207054138186
  Stream: 27.183595275878908
  Technical: 31.018500137329102
  Rate: 100
