Artist: ARM feat. Nanahira
AssetId: rbxassetid://10140585435
CoverImageAssetId: ''
Description: ''
Filename: BakunanaTestroyer (HEAVY)
HitSFXGroup: 0
MD5Hash: d2163efd97a48010f7c687bc05769715
NotePrebufferTime: 910
TimeOffset: -450
Volume: 0.5
Difficulty:
- Overall: 25
  Chordjack: 20.391297912597658
  Handstream: 28.59569549560547
  Jack: 18.828897857666018
  Jumpstream: 29.66400260925293
  Stamina: 25.468869781494142
  Stream: 26.064895248413087
  Technical: 29.790904998779297
  Rate: 100
