Artist: siromaru + cranky
AssetId: rbxassetid://10024152849
CoverImageAssetId: ''
Description: ''
Filename: Conflict (LIGHT)
HitSFXGroup: 0
Mapper: Einar
MD5Hash: 1a939ed536306f48fd3f26c93ed4c4f4
NotePrebufferTime: 1000
TimeOffset: -70
Volume: 0.5
Difficulty:
- Overall: 44
  Chordjack: 37.2221981048584
  Handstream: 40.05989799499512
  Jack: 27.771300315856934
  Jumpstream: 38.705400466918945
  Stamina: 38.403279876708986
  Stream: 29.007003021240234
  Technical: 36.16919975280762
  Rate: 100
