Artist: Power Of Nature
AssetId: rbxassetid://10049417389
CoverImageAssetId: ''
Description: ''
Filename: Tadoru Kimi wo Koete
HitSFXGroup: 0
Mapper: Chrubble
MD5Hash: 9186575c68903d861aa255ef57e50844
NotePrebufferTime: 1000
TimeOffset: -70
Volume: 0.5
Difficulty:
- Overall: 42
  Chordjack: 32.517000961303715
  Handstream: 30.10950164794922
  Jack: 25.775996017456055
  Jumpstream: 42.90300178527832
  Stamina: 40.47987442016602
  Stream: 36.53729667663574
  Technical: 39.7790943145752
  Rate: 100
