Artist: moldycheese99
AssetId: rbxassetid://10017787936
CoverImageAssetId: rbxassetid://8357143147
Description: ''
Filename: you should not be up this late (LIGHT)
HitSFXGroup: 0
Mapper: moldycheese99
MD5Hash: 20a4c23309b6769f5a7c6ea9df1bae65
NotePrebufferTime: 1000
TimeOffset: -70
Volume: 0.5
Difficulty:
- Overall: 32
  Chordjack: 27.467993545532227
  Handstream: 21.797995948791506
  Jack: 20.643298530578615
  Jumpstream: 40.6439998626709
  Stamina: 38.230434036254884
  Stream: 35.97479667663574
  Technical: 33.37469673156738
  Rate: 100
