Artist: ARforest
AssetId: rbxassetid://10026817902
CoverImageAssetId: ''
Description: ''
Filename: Hemisphere (LIGHT)
HitSFXGroup: 0
Mapper: pierceisdyinglol
MD5Hash: a881ce24bc37c6e0a18b2ea6f5a1bd27
NotePrebufferTime: 1000
TimeOffset: 1050
Volume: 0.5
Difficulty:
- Overall: 17
  Chordjack: 10.60560121536255
  Handstream: 9.734400844573974
  Jack: 10.121400260925293
  Jumpstream: 17.09369831085205
  Stamina: 16.120702743530273
  Stream: 18.431997871398927
  Technical: 18.567898750305176
  Rate: 100
