Artist: jhlee0133
AssetId: rbxassetid://2996956155
CoverImageAssetId: ''
Description: ''
Filename: April fools day piano song
HitSFXGroup: 0
MD5Hash: fb7dd6bf6e9e1f816c87a9b89c8c6e4c
NotePrebufferTime: 1000
TimeOffset: -70
Volume: 0.5
Difficulty:
- Overall: 5
  Chordjack: 5.151557493209839
  Handstream: 6.725012111663818
  Jack: 6.697899055480957
  Jumpstream: 10.835762214660646
  Stamina: 10.047760963439941
  Stream: 8.614209079742432
  Technical: 11.742751407623292
  Rate: 100
