Artist: SHK
AssetId: rbxassetid://10698496447
CoverImageAssetId: ''
Description: ''
Filename: Halloween Party (LIGHT)
HitSFXGroup: 0
MD5Hash: 34600bae8f456381682924f792f32413
NotePrebufferTime: 1000
TimeOffset: -75
Volume: 0.5
Difficulty:
- Overall: 17
  Chordjack: 11.97900037765503
  Handstream: 16.314300727844238
  Jack: 11.275199890136719
  Jumpstream: 20.606396484375
  Stamina: 19.31547203063965
  Stream: 18.645297431945803
  Technical: 19.489497184753418
  Rate: 100
