Artist: ICE
AssetId: rbxassetid://10044263770
CoverImageAssetId: ''
Description: ''
Filename: L
HitSFXGroup: 0
Mapper: rinstea
MD5Hash: 73fec07cfd7ff80d8194491220836a00
NotePrebufferTime: 1000
TimeOffset: -370
Volume: 0.5
Difficulty:
- Overall: 61
  Chordjack: 36.974696731567384
  Handstream: 35.92619590759278
  Jack: 38.08979873657227
  Jumpstream: 59.007588958740236
  Stamina: 56.865512466430665
  Stream: 56.385894012451175
  Technical: 58.0355941772461
  Rate: 100
