Artist: Daiki Kasho
AssetId: rbxassetid://13641733902
CoverImageAssetId: ''
Description: ''
Filename: 5oul on D!splay
HitSFXGroup: 0
Mapper: '[LS]SureFir3'
MD5Hash: b159ee79c2c1ca2f1b42a2e7fd4070dd
NotePrebufferTime: 1000
TimeOffset: -75
Volume: 0.5
Difficulty:
- Overall: 51.2009994506836
  Chordjack: 35.75429763793945
  Handstream: 29.72970085144043
  Jack: 30.37679901123047
  Jumpstream: 44.18099670410157
  Stamina: 48.78194389343262
  Stream: 51.2009994506836
  Technical: 45.77579956054688
  Rate: 100
