Artist: Camellia
AssetId: rbxassetid://10049475001
CoverImageAssetId: ''
Description: ''
Filename: Ghost
HitSFXGroup: 0
Mapper: "Lynessa"
MD5Hash: 750ea46c4b7b86d39e535688f1a625ea
NotePrebufferTime: 1000
TimeOffset: -110
Volume: 0.5
Difficulty:
- Overall: 46.31364212036133
  Chordjack: 32.175899505615234
  Handstream: 44.80289840698242
  Jack: 29.002495193481447
  Jumpstream: 44.359198379516606
  Stamina: 44.7580982208252
  Stream: 38.7998966217041
  Technical: 42.65639991760254
  Rate: 100
