Artist: Ado
AssetId: rbxassetid://0
CoverImageAssetId: ''
Description: ''
Filename: Odo
HitSFXGroup: 0
Mapper: Ena
MD5Hash: dc4779e96c7802692c3df4cb53c9f073
NotePrebufferTime: 1000
TimeOffset: -75
Volume: 0.5
Difficulty:
- Overall: 46
  Chordjack: 46.87469329833984
  Handstream: 37.21140060424805
  Jack: 26.902800178527833
  Jumpstream: 37.27529640197754
  Stamina: 46.827819442749025
  Stream: 29.472301483154297
  Technical: 35.500496292114256
  Rate: 100
