Artist: DJ Banzai
AssetId: rbxassetid://10054632506
CoverImageAssetId: ''
Description: ''
Filename: Disconnected Trance
HitSFXGroup: 0
Mapper: StepMix
MD5Hash: 354a2a80dc8c159ba5579b64ab29c88e
NotePrebufferTime: 1000
TimeOffset: 0
Volume: 0.5
Difficulty:
- Overall: 40
  Chordjack: 29.726102828979492
  Handstream: 25.353896141052246
  Jack: 26.21879482269287
  Jumpstream: 37.98809623718262
  Stamina: 42.02613830566406
  Stream: 44.9504997253418
  Technical: 40.85279846191406
  Rate: 100
