Artist: DETRO
AssetId: rbxassetid://13580850474
CoverImageAssetId: ''
Description: ''
Filename: hurricanic -short size-
HitSFXGroup: 0
Mapper: DyingEtternal
MD5Hash: bea75c083d43cf34c56cb2500018c6fc
NotePrebufferTime: 1000
TimeOffset: -75
Volume: 0.5
Difficulty:
- Overall: 61
  Chordjack: 44.47349395751953
  Handstream: 38.43899574279785
  Jack: 35.85149917602539
  Jumpstream: 59.450399780273436
  Stamina: 57.28538932800293
  Stream: 44.0036979675293
  Technical: 51.38909568786621
  Rate: 100
