Artist: milkychan
AssetId: rbxassetid://1489491013
CoverImageAssetId: ''
Description: ''
Filename: Stronger Than You -Chara Response- (LN Spam) (LN)
HitSFXGroup: 0
MD5Hash: 14be36a1bde678769de4f3bc5632e934
NotePrebufferTime: 1000
TimeOffset: 0
Volume: 0.5
Difficulty:
- Overall: 0
  Chordjack: 9.724500274658203
  Handstream: 13.33439998626709
  Jack: 11.312100219726563
  Jumpstream: 16.808398818969728
  Stamina: 15.194696044921875
  Stream: 16.512298393249512
  Technical: 17.855998420715334
  Rate: 100
