Artist: KNOWER
AssetId: rbxassetid://10049125077
CoverImageAssetId: ''
Description: ''
Filename: Time Traveler
HitSFXGroup: 0
MD5Hash: 25f5e5b4f2a0e37b7ff34d3b7574dd63
NotePrebufferTime: 1000
TimeOffset: -70
Volume: 0.5
Difficulty:
- Overall: 44
  Chordjack: 34.04969673156739
  Handstream: 31.522501373291018
  Jack: 29.96279983520508
  Jumpstream: 34.59869384765625
  Stamina: 33.44628639221192
  Stream: 31.982402801513672
  Technical: 38.422797775268556
  Rate: 100
