Artist: Lon
AssetId: rbxassetid://10064845879
CoverImageAssetId: --FILL IN COVERART ASSETID HERE--
Description: ''
Filename: Yuru Fuwa Jukai Girl
HitSFXGroup: 0
Mapper: Wh1teh
MD5Hash: 878ac22d9dcb00142697df1df65d3929
NotePrebufferTime: 900
TimeOffset: -88
Volume: 0.5
Difficulty:
- Overall: 37
  Chordjack: 28.522794342041017
  Handstream: 25.177495193481445
  Jack: 23.235297775268556
  Jumpstream: 41.9966983795166
  Stamina: 40.28376502990723
  Stream: 38.746798324584965
  Technical: 37.87109527587891
  Rate: 100
