Artist: Drop
AssetId: rbxassetid://6279847268
CoverImageAssetId: ''
Description: ''
Filename: Dancer of Saramandora
HitSFXGroup: 0
Mapper: XeoStyle
MD5Hash: 200664c9d390c355479fd553d201c0b3
NotePrebufferTime: 1000
TimeOffset: -75
Volume: 0.5
Difficulty:
- Overall: 32
  Chordjack: 34.29179763793945
  Handstream: 31.80959815979004
  Jack: 21.488396072387697
  Jumpstream: 32.2064998626709
  Stamina: 34.2575065612793
  Stream: 23.25059452056885
  Technical: 30.015002059936524
  Rate: 100
