Artist: Camellia // TURN UP THE BASS
AssetId: rbxassetid://10719041294
CoverImageAssetId: ''
Description: ''
Filename: shadows of cats
HitSFXGroup: 0
Mapper: Wafles
MD5Hash: 2f718321c1eb9eea0c529e8fded4b564
NotePrebufferTime: 1000
TimeOffset: -70
Volume: 0.5
Difficulty:
- Overall: 45
  Chordjack: 33.52409706115723
  Handstream: 30.40470085144043
  Jack: 38.97809829711914
  Jumpstream: 39.55229530334473
  Stamina: 39.41569061279297
  Stream: 43.858798599243165
  Technical: 44.452798461914064
  Rate: 100
