Artist: TJ.Hangneil
AssetId: rbxassetid://10064753692
CoverImageAssetId: ''
Description: ''
Filename: Kamui (LIGHT)
HitSFXGroup: 0
MD5Hash: aa2c85eb13c5a95c13d08e3d2dddb4c1
NotePrebufferTime: 1000
TimeOffset: -150
Volume: 0.5
Difficulty:
- Overall: 8
  Chordjack: 7.151402235031128
  Handstream: 7.488001441955567
  Jack: 8.072100734710693
  Jumpstream: 10.334700679779052
  Stamina: 11.069266319274902
  Stream: 13.535999965667726
  Technical: 14.427000617980957
  Rate: 100
