Artist: Murasaki Hotaru
AssetId: rbxassetid://12781283975
CoverImageAssetId: ''
Description: ''
Filename: Indomitable Spirit
HitSFXGroup: 0
Mapper: pow wow zee
MD5Hash: 4d8cbcc442c1aa5fcf5ff914d712eef5
NotePrebufferTime: 1000
TimeOffset: -75
Volume: 0.5
Difficulty:
- Overall: 67
  Chordjack: 63.35459747314453
  Handstream: 39.35519714355469
  Jack: 39.315598297119145
  Jumpstream: 40.8410945892334
  Stamina: 62.631202697753906
  Stream: 31.432499313354494
  Technical: 37.96919631958008
  Rate: 100
