Artist: xi
AssetId: rbxassetid://10698216402
CoverImageAssetId: ''
Description: ''
Filename: Wish Upon Twin Stars (HEAVY)
HitSFXGroup: 0
MD5Hash: f15cf2007788458e37c645fdf3c81b47
NotePrebufferTime: 1000
TimeOffset: -70
Volume: 0.5
Difficulty:
- Overall: 20
  Chordjack: 14.872501373291016
  Handstream: 15.272099876403809
  Jack: 15.908398818969728
  Jumpstream: 24.143395042419435
  Stamina: 21.28722610473633
  Stream: 21.448795509338378
  Technical: 24.952496910095217
  Rate: 100
