Artist: Seiryu
AssetId: rbxassetid://10698371538
CoverImageAssetId: ''
Description: ''
Filename: Water Horizon (LIGHT)
HitSFXGroup: 0
MD5Hash: 5f77d8c1aa952ae26a12b8ab923791e3
NotePrebufferTime: 1000
TimeOffset: -70
Volume: 0.5
Difficulty:
- Overall: 12
  Chordjack: 12.113100528717041
  Handstream: 12.341699409484864
  Jack: 13.256101799011232
  Jumpstream: 20.296796607971192
  Stamina: 18.495589828491212
  Stream: 20.726097679138185
  Technical: 21.590096855163576
  Rate: 100
