Artist: t+pazolite
AssetId: rbxassetid://5100734468
CoverImageAssetId: ''
Description: ''
Filename: Tempestissimo (LIGHT)
HitSFXGroup: 0
Mapper: 'codychanisawesome'
MD5Hash: d6e637724c6b4ab61e3aabaf9a0fd160
NotePrebufferTime: 1000
TimeOffset: -70
Volume: 0.5
Difficulty:
- Overall: 11
  Chordjack: 10.006200885772705
  Handstream: 9.689400672912598
  Jack: 10.923299217224121
  Jumpstream: 14.845502471923828
  Stamina: 14.241189193725587
  Stream: 15.672597885131836
  Technical: 17.531997871398925
  Rate: 100
