Artist: Giga-P
AssetId: rbxassetid://10017858503
CoverImageAssetId: rbxassetid://8357354186
Description: Made by Rachel
Filename: Electric Angel
HitSFXGroup: 0
MD5Hash: 738f60b928e9a2265614375bcd666235
NotePrebufferTime: 1000
TimeOffset: -70
Volume: 0.5
Difficulty:
- Overall: 57
  Chordjack: 57.12569618225098
  Handstream: 35.76149368286133
  Jack: 35.81099739074707
  Jumpstream: 34.956896209716795
  Stamina: 55.5381820678711
  Stream: 30.213003158569336
  Technical: 35.49239730834961
  Rate: 100
