Artist: goreshit
AssetId: rbxassetid://13677518945
CoverImageAssetId: ''
Description: ''
Filename: thinking of you
HitSFXGroup: 0
Mapper: YunoMaya
MD5Hash: 3b43850828b2257581f8e478a6e965b9
NotePrebufferTime: 1000
TimeOffset: -75
Volume: 0.5
Difficulty:
- Overall: 43.47648124694825
  Chordjack: 32.14890060424805
  Handstream: 25.637394905090332
  Jack: 25.730994987487794
  Jumpstream: 43.08660049438477
  Stamina: 42.563225555419926
  Stream: 33.11279640197754
  Technical: 33.447597885131835
  Rate: 100
