Artist: (Camellia)
AssetId: rbxassetid://13038452531
CoverImageAssetId: ''
Description: ''
Filename: Toxic Violet Cubes [From BSWC2021 Grand Finals]
HitSFXGroup: 0
Mapper: CubeyThePenguin
MD5Hash: 7b659c8e23e9ae44ac18071c8515412e
NotePrebufferTime: 1000
TimeOffset: 0
Volume: 0.5
Difficulty:
- Overall: 50
  Chordjack: 49.544995880126955
  Handstream: 30.35970153808594
  Jack: 37.40579681396485
  Jumpstream: 34.493400192260744
  Stamina: 49.49545440673828
  Stream: 29.105996704101564
  Technical: 34.76339950561523
  Rate: 100
