Artist: Creo
AssetId: rbxassetid://13872268879
CoverImageAssetId: ''
Description: ''
Filename: Challenger
HitSFXGroup: 0
Mapper: 11Bit
MD5Hash: 949616c4c0affe48a08844ea4aacd544
NotePrebufferTime: 1000
TimeOffset: -75
Volume: 0.5
Difficulty:
- Overall: 42
  Chordjack: 41.04539909362793
  Handstream: 26.59589538574219
  Jack: 31.23629722595215
  Jumpstream: 32.95530052185059
  Stamina: 39.94854469299317
  Stream: 25.287294960021974
  Technical: 30.628801345825195
  Rate: 100
