Artist: Dunderpatrullen
AssetId: rbxassetid://10719206483
CoverImageAssetId: ''
Description: ''
Filename: Interlude (Fantasy Friends Forever) (HEAVY)
HitSFXGroup: 0
MD5Hash: ffb6d23e5f3aed02c480dc9b617dd5b5
NotePrebufferTime: 1000
TimeOffset: 0
Volume: 0.5
Difficulty:
- Overall: 7
  Chordjack: 4.202397108078003
  Handstream: 7.626897811889648
  Jack: 4.972381639480591
  Jumpstream: 8.757264804840089
  Stamina: 7.870173740386963
  Stream: 7.049410057067871
  Technical: 10.248010826110841
  Rate: 100
