Artist: UNDEAD CORPORATION
AssetId: rbxassetid://5268027845
CoverImageAssetId: ''
Description: ''
Filename: MEGALOMANIA
HitSFXGroup: 0
Mapper: Un-known
MD5Hash: d11c0caff436a51e5c5dc41b22544f6c
NotePrebufferTime: 1000
TimeOffset: -70
Volume: 0.5
Difficulty:
- Overall: 0
  Chordjack: 41.33069686889649
  Handstream: 36.57869453430176
  Jack: 32.44589881896973
  Jumpstream: 46.926892089843754
  Stamina: 46.879966735839844
  Stream: 42.844499588012695
  Technical: 42.47279777526855
  Rate: 100
