Artist: Hige Driver
AssetId: rbxassetid://13642093136
CoverImageAssetId: ''
Description: ''
Filename: Reflec Streamz
HitSFXGroup: 0
Mapper: '[LS]SureFir3'
MD5Hash: 5dca83e5c91e180f6821e7bbc55903e8
NotePrebufferTime: 1000
TimeOffset: -75
Volume: 0.5
Difficulty:
- Overall: 56
  Chordjack: 41.63759994506836
  Handstream: 33.82289772033692
  Jack: 34.97939758300782
  Jumpstream: 43.92179832458496
  Stamina: 50.41021728515625
  Stream: 57.95550384521484
  Technical: 51.26759719848633
  Rate: 100
