Artist: LeaF
AssetId: rbxassetid://10049378262
CoverImageAssetId: ''
Description: ''
Filename: Doppelganger
HitSFXGroup: 0
Mapper: 'Toylolliy'
MD5Hash: 8dd1053fc2c613a780fd2777b6086afe
NotePrebufferTime: 1000
TimeOffset: -70
Volume: 0.5
Difficulty:
- Overall: 42
  Chordjack: 28.962000274658205
  Handstream: 32.68620071411133
  Jack: 27.25290184020996
  Jumpstream: 35.91899642944336
  Stamina: 32.32345962524414
  Stream: 31.468503570556642
  Technical: 38.0538013458252
  Rate: 100
