Artist: Camellia VS. lapix
AssetId: rbxassetid://10024123650
CoverImageAssetId: rbxassetid://8359979945
Description: ''
Filename: Hypnotize
HitSFXGroup: 0
Mapper: 'Evening'
MD5Hash: 59a397990bdffd885fc905a1b476525d
NotePrebufferTime: 1000
TimeOffset: -70
Volume: 0.5
Difficulty:
- Overall: 50
  Chordjack: 41.222694396972656
  Handstream: 39.8258960723877
  Jack: 34.26479873657227
  Jumpstream: 41.52149505615235
  Stamina: 42.547515106201175
  Stream: 35.317797088623045
  Technical: 43.082099533081056
  Rate: 100
