Artist: Ester
AssetId: rbxassetid://10698318962
CoverImageAssetId: ''
Description: ''
Filename: Dizzolve (LIGHT)
HitSFXGroup: 0
MD5Hash: 2705168b8566794cff510015dd36af12
NotePrebufferTime: 1000
TimeOffset: -89
Volume: 0.9
Difficulty:
- Overall: 19
  Chordjack: 19.856698036193848
  Handstream: 15.429599189758301
  Jack: 16.755298805236816
  Jumpstream: 25.24139442443848
  Stamina: 24.829336738586427
  Stream: 25.100996017456055
  Technical: 27.009894561767577
  Rate: 100
