Artist: Noisestorm
AssetId: rbxassetid://460944705
CoverImageAssetId: ''
Description: ''
Filename: Barracuda (HEAVY)
HitSFXGroup: 0
MD5Hash: ed8f01e6c5af1371d008cd074d90d8c9
NotePrebufferTime: 1000
TimeOffset: -70
Volume: 0.5
Difficulty:
- Overall: 40
  Chordjack: 38.369699478149414
  Handstream: 30.861900329589844
  Jack: 27.902695083618166
  Jumpstream: 31.405500411987305
  Stamina: 35.24222831726075
  Stream: 27.08639373779297
  Technical: 30.757499313354494
  Rate: 100
