Artist: Camellia
AssetId: rbxassetid://5763285378
CoverImageAssetId: ''
Description: ''
Filename: +ERABY+E CONNEC+10N
HitSFXGroup: 0
Mapper: Asymetrical
MD5Hash: eae492e657a636ee4951f8bfe4933a1f
NotePrebufferTime: 1000
TimeOffset: -70
Volume: 0.5
Difficulty:
- Overall: 37
  Chordjack: 33.37199821472168
  Handstream: 32.748297500610356
  Jack: 25.624800109863283
  Jumpstream: 38.92679901123047
  Stamina: 38.55464057922364
  Stream: 33.33239936828613
  Technical: 36.663296127319335
  Rate: 100
