Artist: Ata
AssetId: rbxassetid://10049352043
CoverImageAssetId: ''
Description: ''
Filename: Euphoria
HitSFXGroup: 0
Mapper: Joueur 1
MD5Hash: 7c57d3de54fe8ba0ab51afa0e901badc
NotePrebufferTime: 1000
TimeOffset: 380
Volume: 0.5
Difficulty:
- Overall: 39
  Chordjack: 29.403897857666017
  Handstream: 36.208795166015626
  Jack: 26.06129379272461
  Jumpstream: 40.61429557800293
  Stamina: 40.57368392944336
  Stream: 34.6976978302002
  Technical: 36.79829406738281
  Rate: 100
