Artist: ZirconEscalus
AssetId: rbxassetid://13025136255
CoverImageAssetId: ''
Description: ''
Filename: Celestial Scars! (LIGHT)
HitSFXGroup: 0
Mapper: -Yisus
MD5Hash: 6a25279f9d4e4ed6f9804c0f0478bac3
NotePrebufferTime: 1000
TimeOffset: -75
Volume: 0.5
Difficulty:
- Overall: 32
  Chordjack: 23.09849739074707
  Handstream: 20.10329647064209
  Jack: 18.45449752807617
  Jumpstream: 35.524796676635745
  Stamina: 34.202358627319335
  Stream: 30.004204559326173
  Technical: 31.1939998626709
  Rate: 100
