Artist: 9mm Parabellum Bullet
AssetId: rbxassetid://9512904363
CoverImageAssetId: ''
Description: ''
Filename: Inferno (LIGHT)
HitSFXGroup: 0
Mapper: Valedict
MD5Hash: ed9dfb19bbaa6afb7013325be49e834f
NotePrebufferTime: 1000
TimeOffset: 390
Volume: 0.5
Difficulty:
- Overall: 33
  Chordjack: 23.445895385742187
  Handstream: 18.947697830200195
  Jack: 18.440098571777344
  Jumpstream: 34.88580093383789
  Stamina: 32.075415802001956
  Stream: 30.18330230712891
  Technical: 29.505600357055666
  Rate: 100
