Artist: Chroma
AssetId: rbxassetid://10024158617
CoverImageAssetId: ''
Description: ''
Filename: Dark Sheep (LIGHT)
HitSFXGroup: 0
Mapper: Feylos
MD5Hash: 2160c7195e5bee19d0844cd929d1a294
NotePrebufferTime: 1000
TimeOffset: -75
Volume: 0.5
Difficulty:
- Overall: 15
  Chordjack: 9.6579008102417
  Handstream: 9.297000789642334
  Jack: 8.331300830841064
  Jumpstream: 15.431399917602539
  Stamina: 14.907285118103028
  Stream: 16.830898475646972
  Technical: 17.047796058654786
  Rate: 100
