Artist: xi
AssetId: rbxassetid://10049426422
CoverImageAssetId: ''
Description: ''
Filename: FREEDOM DiVE (Dear Mr.X Remix) (LIGHT)
HitSFXGroup: 0
Mapper: tranvucam
MD5Hash: 1d2a1696bbd0495c41353fb19f12b2bf
NotePrebufferTime: 1000
TimeOffset: -160
Volume: 0.5
Difficulty:
- Overall: 34
  Chordjack: 28.94399642944336
  Handstream: 29.532595825195312
  Jack: 22.32809829711914
  Jumpstream: 37.683895111083984
  Stamina: 37.59750137329102
  Stream: 34.821894836425784
  Technical: 35.76149368286133
  Rate: 100
