Artist: ikaruga_nex
AssetId: rbxassetid://10724759008
CoverImageAssetId: rbxassetid://8357325385
Description: ''
Filename: ReviXy
HitSFXGroup: 0
Mapper: Slick6969
MD5Hash: 48e16c5e4116b041c9eebc684d2a11d0
NotePrebufferTime: 1000
TimeOffset: -70
Volume: 0.5
Difficulty:
- Overall: 33
  Chordjack: 27.224093627929687
  Handstream: 30.92850151062012
  Jack: 21.161697006225587
  Jumpstream: 36.325799560546876
  Stamina: 36.289476013183595
  Stream: 30.010501098632812
  Technical: 32.71499862670898
  Rate: 100
