Artist: Alice Mako
AssetId: rbxassetid://13867170650
CoverImageAssetId: ''
Description: ''
Filename: Nanotech Delights
HitSFXGroup: 0
Mapper: YunoMaya
MD5Hash: 311b9494c9f693e0fcc5b05989b11ef8
NotePrebufferTime: 1000
TimeOffset: -75
Volume: 0.5
Difficulty:
- Overall: 36.32364006042481
  Chordjack: 35.915398406982426
  Handstream: 25.437593078613283
  Jack: 20.462398338317872
  Jumpstream: 27.450894355773926
  Stamina: 35.87948684692383
  Stream: 20.31569652557373
  Technical: 23.5628963470459
  Rate: 100
