Artist: Linda AI-CUE
AssetId: rbxassetid://10049214416
CoverImageAssetId: ''
Description: ''
Filename: Mata Saitama2000
HitSFXGroup: 0
Mapper: popop614
MD5Hash: b54eb2ebcaaf73a9243ead43d504386e
NotePrebufferTime: 1000
TimeOffset: -70
Volume: 0.5
Difficulty:
- Overall: 43
  Chordjack: 30.941098022460938
  Handstream: 37.15379791259766
  Jack: 28.147494506835937
  Jumpstream: 46.749596786499026
  Stamina: 44.14904708862305
  Stream: 42.06599807739258
  Technical: 43.06319618225098
  Rate: 100
