Artist: Musical Masterpiece
AssetId: rbxassetid://10024020697
CoverImageAssetId: ''
Description: ''
Filename: MANIERA
HitSFXGroup: 0
Mapper: keikiri
MD5Hash: 001cefe2cab3c1a39e362e3345afdd02
NotePrebufferTime: 1000
TimeOffset: 905
Volume: 0.5
Difficulty:
- Overall: 42
  Chordjack: 29.754001235961915
  Handstream: 26.28449649810791
  Jack: 27.52200164794922
  Jumpstream: 42.005700302124026
  Stamina: 39.11426010131836
  Stream: 38.70359802246094
  Technical: 42.27929763793946
  Rate: 100
