Artist: onumi
AssetId: rbxassetid://13155680704
CoverImageAssetId: ''
Description: ''
Filename: PERSONALITY
HitSFXGroup: 0
Mapper: Evening
MD5Hash: c081540531da13b768a0849667cb2e6a
NotePrebufferTime: 1000
TimeOffset: -75
Volume: 0.5
Difficulty:
- Overall: 51
  Chordjack: 34.223397445678714
  Handstream: 37.78289909362793
  Jack: 31.492800521850587
  Jumpstream: 44.194496154785156
  Stamina: 50.174031829833986
  Stream: 52.88669357299805
  Technical: 52.724693298339844
  Rate: 100
