Artist: DJ CHUCKY
AssetId: rbxassetid://13155541640
CoverImageAssetId: ''
Description: ''
Filename: Abyss Of The Darkness (Cut Ver.)
HitSFXGroup: 0
Mapper: AutotelicBrown
MD5Hash: a037e1a49ef00522794ed06b0f32f810
NotePrebufferTime: 1000
TimeOffset: -75
Volume: 0.5
Difficulty:
- Overall: 42
  Chordjack: 38.50829544067383
  Handstream: 28.738794136047364
  Jack: 26.29259376525879
  Jumpstream: 40.42709541320801
  Stamina: 40.38666915893555
  Stream: 31.036503982543945
  Technical: 38.09609870910645
  Rate: 100
