Artist: Hong Liu Zhi Yuan
AssetId: rbxassetid://10024429538
CoverImageAssetId: ''
Description: ''
Filename: Mouse Wizard
HitSFXGroup: 0
Mapper: drunkenstein
MD5Hash: 95360a476956f7b3c054cdb0f5a1df23
NotePrebufferTime: 1000
TimeOffset: -70
Volume: 0.5
Difficulty:
- Overall: 47
  Chordjack: 48.79619522094727
  Handstream: 35.51669425964356
  Jack: 28.030500411987305
  Jumpstream: 36.15209884643555
  Stamina: 47.117559814453124
  Stream: 27.957594108581542
  Technical: 33.41699752807617
  Rate: 100
