Artist: HARAGASHI
AssetId: rbxassetid://2084062840
CoverImageAssetId: ''
Description: ''
Filename: Connect (Exit Trance Remix) (HEAVY)
HitSFXGroup: 0
MD5Hash: 4bcce8fb84b2b60a7cccc8960da06b3e
NotePrebufferTime: 1000
TimeOffset: -70
Volume: 0.5
Difficulty:
- Overall: 33
  Chordjack: 23.046296882629395
  Handstream: 24.33959541320801
  Jack: 18.933298873901368
  Jumpstream: 34.026299285888676
  Stamina: 32.72630424499512
  Stream: 29.36700439453125
  Technical: 31.054500961303713
  Rate: 100
