Artist: void
AssetId: rbxassetid://10017855614
CoverImageAssetId: rbxassetid://8359710202
Description: ''
Filename: Idealized Romance
HitSFXGroup: 0
Mapper: SunsetKR
MD5Hash: 88191d01a5e669c0e8eae75aed368a99
NotePrebufferTime: 1000
TimeOffset: -70
Volume: 0.5
Difficulty:
- Overall: 57
  Chordjack: 57.88528747558594
  Handstream: 33.47460021972656
  Jack: 30.752098846435548
  Jumpstream: 34.03439826965332
  Stamina: 57.82740325927735
  Stream: 29.860197830200196
  Technical: 34.19999656677246
  Rate: 100
