Artist: Neil Cicierga
AssetId: rbxassetid://931316562
CoverImageAssetId: ''
Description: ''
Filename: The End
HitSFXGroup: 0
Mapper: fuzzy0133
MD5Hash: 5b7e33c2aff2a48790f4309d3cc6736a
NotePrebufferTime: 1000
TimeOffset: -70
Volume: 0.5
Difficulty:
- Overall: 39
  Chordjack: 41.17769508361817
  Handstream: 34.473597335815434
  Jack: 21.59999828338623
  Jumpstream: 33.65099945068359
  Stamina: 41.13651695251465
  Stream: 25.016394424438477
  Technical: 29.738699340820315
  Rate: 100
