Artist: lapix
AssetId: rbxassetid://10043795059
CoverImageAssetId: ''
Description: ''
Filename: Duality Rave (Zekk's 'FULL SPEC' Remix) (HEAVY)
HitSFXGroup: 0
Mapper: Hydria
MD5Hash: 7f0da1f0281fdce8b24f88aaf0d440c6
NotePrebufferTime: 1000
TimeOffset: -130
Volume: 0.5
Difficulty:
- Overall: 31
  Chordjack: 23.346896553039553
  Handstream: 29.936700439453126
  Jack: 20.254499244689942
  Jumpstream: 33.554693984985356
  Stamina: 33.31783218383789
  Stream: 30.8906982421875
  Technical: 32.113802719116215
  Rate: 100
