Artist: CamiloGamerxD
AssetId: rbxassetid://13677660754
CoverImageAssetId: ''
Description: ''
Filename: The Lavadora (The 1400 rpm experience)
HitSFXGroup: 0
Mapper: CamiloGamerxD
MD5Hash: 416dfb9a1a6c5b36504630edad8543ed
NotePrebufferTime: 1000
TimeOffset: -75
Volume: 0.5
Difficulty:
- Overall: 0
  Chordjack: 36.7910945892334
  Handstream: 32.21549835205078
  Jack: 32.40359802246094
  Jumpstream: 33.7634994506836
  Stamina: 59.164363861083984
  Stream: 59.22358703613281
  Technical: 56.45519371032715
  Rate: 100
