Artist: Orange Lounge
AssetId: rbxassetid://10698500983
CoverImageAssetId: ''
Description: ''
Filename: Comment te dire adieu
HitSFXGroup: 0
MD5Hash: 38781cc26f0cb4ad40c902bd8df27c50
NotePrebufferTime: 1000
TimeOffset: -70
Volume: 0.5
Difficulty:
- Overall: 22
  Chordjack: 27.942295646667482
  Handstream: 23.250596237182616
  Jack: 15.718498420715333
  Jumpstream: 24.932694053649904
  Stamina: 26.51930522918701
  Stream: 18.13769817352295
  Technical: 23.146195220947266
  Rate: 100
