Artist: Fallen Shepherd ft. RabbiTon Strings
AssetId: rbxassetid://132436494284489
CoverImageAssetId: ''
Description: ''
Filename: ENDYMION (LIGHT)
HitSFXGroup: 0
MD5Hash: c4c9e697aa709cc4a8dd991a7e400e76
NotePrebufferTime: 1000
TimeOffset: -75
Volume: 0.5
Difficulty:
- Overall: 33
  Chordjack: 26.83619384765625
  Handstream: 24.114595413208008
  Jack: 25.417800521850587
  Jumpstream: 37.41929626464844
  Stamina: 32.751878356933595
  Stream: 31.930200576782227
  Technical: 36.96659774780274
  Rate: 100
