Artist: Glidelas & Telemist
AssetId: rbxassetid://13646199834
CoverImageAssetId: ''
Description: ''
Filename: PK RAVE
HitSFXGroup: 0
Mapper: LeMarcinho
MD5Hash: b6f077890ad6c230acfb02e46be5785f
NotePrebufferTime: 1000
TimeOffset: -75
Volume: 0.5
Difficulty:
- Overall: 49
  Chordjack: 53.73809623718262
  Handstream: 44.66699752807617
  Jack: 36.97829475402832
  Jumpstream: 44.65709266662598
  Stamina: 53.467399978637694
  Stream: 32.34420318603516
  Technical: 40.405496978759764
  Rate: 100
