Artist: Umeboshi Chazuke
AssetId: rbxassetid://10037937172
CoverImageAssetId: ''
Description: ''
Filename: Bison Charge (LIGHT)
HitSFXGroup: 0
Mapper: MEGAtive
MD5Hash: f8c4795ef33e9e0f7fa20acf29e1e15d
NotePrebufferTime: 1000
TimeOffset: -70
Volume: 0.5
Difficulty:
- Overall: 24
  Chordjack: 18.44549903869629
  Handstream: 15.983100700378419
  Jack: 18.180898475646973
  Jumpstream: 26.71919288635254
  Stamina: 25.668441581726075
  Stream: 30.64050178527832
  Technical: 30.161703872680665
  Rate: 100
