Artist: Hatsune Miku
AssetId: rbxassetid://13876314283
CoverImageAssetId: ''
Description: ''
Filename: With A Dance Number (LIGHT)
HitSFXGroup: 0
Mapper: IcyWorld
MD5Hash: cc6ce3288df350b14409bbd7eb21afbf
NotePrebufferTime: 1000
TimeOffset: -75
Volume: 0.5
Difficulty:
- Overall: 40
  Chordjack: 35.25929832458496
  Handstream: 35.71919288635254
  Jack: 28.115095138549805
  Jumpstream: 38.95379791259766
  Stamina: 38.914847946166994
  Stream: 30.465002059936523
  Technical: 38.155496978759764
  Rate: 100
