Artist: Ice
AssetId: rbxassetid://10698478369
CoverImageAssetId: --FILL IN COVERART ASSETID HERE--
Description: ''
Filename: Entrance (LIGHT)
HitSFXGroup: 0
MD5Hash: c2f792b60eba158b32b356112debe4bb
NotePrebufferTime: 1100
TimeOffset: -100
Volume: 0.5
Difficulty:
- Overall: 14
  Chordjack: 12.112200164794922
  Handstream: 11.64780035018921
  Jack: 11.700899505615235
  Jumpstream: 17.05769748687744
  Stamina: 19.41646385192871
  Stream: 22.67099704742432
  Technical: 24.014697074890137
  Rate: 100
