Artist: Shade Empire
AssetId: rbxassetid://14091433280
CoverImageAssetId: ''
Description: ''
Filename: Ash Statues (Inhuman) (HEAVY) (NO AUDIO)
HitSFXGroup: 0
Mapper: Wafles
MD5Hash: 765c0d3b23069948911087fde916a2d0
NotePrebufferTime: 1000
TimeOffset: -200
Volume: 0.65
Difficulty:
- Overall: 77
  Chordjack: 43.83179969787598
  Handstream: 54.264595413208006
  Jack: 39.065401840209965
  Jumpstream: 63.53190307617188
  Stamina: 63.46837463378906
  Stream: 58.89149780273438
  Technical: 62.127898406982425
  Rate: 100
