Artist: Team Grimoire
AssetId: rbxassetid://10080105291
CoverImageAssetId: ''
Description: ''
Filename: G1ll35 D3 R415 (EXTRA)
HitSFXGroup: 0
Mapper: Allezard
MD5Hash: ca47d902fa17e0f5910016416d7ed5e0
NotePrebufferTime: 1000
TimeOffset: 0
Volume: 0.5
Difficulty:
- Overall: 36
  Chordjack: 29.996102142333985
  Handstream: 38.35979461669922
  Jack: 25.563595962524413
  Jumpstream: 37.13579750061035
  Stamina: 38.55027694702149
  Stream: 35.98019714355469
  Technical: 39.248097610473636
  Rate: 100
