Artist: Falcom Sound Team jdk
AssetId: rbxassetid://0
CoverImageAssetId: ''
Description: ''
Filename: The Azure Arbitrator
HitSFXGroup: 0
Mapper: Evening
MD5Hash: 561cf4667abfe9d9844e82129ccef0d2
NotePrebufferTime: 1000
TimeOffset: -75
Volume: 0.5
Difficulty:
- Overall: 52
  Chordjack: 41.4998966217041
  Handstream: 43.07039566040039
  Jack: 34.081196594238286
  Jumpstream: 52.429490661621095
  Stamina: 52.37706184387207
  Stream: 51.67979393005371
  Technical: 49.005893325805665
  Rate: 100
