Artist: Fujita Akane, Miyamoto Yume, Ozawa Ari
AssetId: rbxassetid://127572986901544
CoverImageAssetId: ''
Description: ''
Filename: Precious You*
HitSFXGroup: 0
Mapper: frolica
MD5Hash: f7269e85f8564d22eb8b7a1e5e38a8b3
NotePrebufferTime: 1000
TimeOffset: -75
Volume: 0.5
Difficulty:
- Overall: 43
  Chordjack: 44.072094726562504
  Handstream: 32.450399780273436
  Jack: 26.346595001220702
  Jumpstream: 32.6564998626709
  Stamina: 40.52181129455567
  Stream: 24.61589641571045
  Technical: 30.155403900146485
  Rate: 100
