Artist: SAINT PEPSI
AssetId: rbxassetid://13641848630
CoverImageAssetId: ''
Description: ''
Filename: ENJOY YOURSELF
HitSFXGroup: 0
Mapper: '[LS]SureFir3'
MD5Hash: 69da314b0c8b3d52fc082b65f80a8eed
NotePrebufferTime: 1000
TimeOffset: -75
Volume: 0.5
Difficulty:
- Overall: 42
  Chordjack: 25.338595962524415
  Handstream: 22.687195014953613
  Jack: 21.161697006225587
  Jumpstream: 37.26269645690918
  Stamina: 38.95250701904297
  Stream: 42.22980079650879
  Technical: 38.87370071411133
  Rate: 100
