Artist: Kaneko Chiharu
AssetId: rbxassetid://10036668016
CoverImageAssetId: ''
Description: ''
Filename: iLLness LiLin (HEAVY)
HitSFXGroup: 0
MD5Hash: 1db224ecf84af8d263e5d53e82561f05
NotePrebufferTime: 790
TimeOffset: 355
Volume: 0.5
Difficulty:
- Overall: 40
  Chordjack: 27.44279365539551
  Handstream: 28.646095275878906
  Jack: 35.71199684143067
  Jumpstream: 36.62370071411133
  Stamina: 34.736884689331056
  Stream: 33.79319686889649
  Technical: 37.06109733581543
  Rate: 100
