Artist: Gohma (Nightcore)
AssetId: rbxassetid://13677208636
CoverImageAssetId: ''
Description: ''
Filename: ESLI v <3
HitSFXGroup: 0
Mapper: Tachyon
MD5Hash: 9978b476f01e254fbb3c3b1dbe06aa34
NotePrebufferTime: 1000
TimeOffset: -75
Volume: 0.5
Difficulty:
- Overall: 35
  Chordjack: 37.82249450683594
  Handstream: 28.240193367004395
  Jack: 26.85150260925293
  Jumpstream: 30.40470085144043
  Stamina: 35.867013931274414
  Stream: 25.87409534454346
  Technical: 29.99520263671875
  Rate: 100
