Artist: Camellia
AssetId: rbxassetid://10156610734
CoverImageAssetId: ''
Description: ''
Filename: Flamewall (LIGHT)
HitSFXGroup: 0
Mapper: AlexDunk
MD5Hash: 90df73d58f3e7abb0d5cdacc4b5c5f97
NotePrebufferTime: 1000
TimeOffset: -75
Volume: 0.5
Difficulty:
- Overall: 38
  Chordjack: 28.63799285888672
  Handstream: 39.424493408203126
  Jack: 24.657295989990235
  Jumpstream: 35.94959678649902
  Stamina: 39.38507308959961
  Stream: 31.832099533081056
  Technical: 37.01969604492188
  Rate: 100
