Artist: Jinjin
AssetId: rbxassetid://10719044360
CoverImageAssetId: ''
Description: ''
Filename: ET Mania Mix (OTHER)
HitSFXGroup: 0
Mapper: Jinjin
MD5Hash: 15d307edbd0c480076e1d67d6bc64623
NotePrebufferTime: 1000
TimeOffset: -70
Volume: 0.5
Difficulty:
- Overall: 0
  Chordjack: 32.17679901123047
  Handstream: 37.34370002746582
  Jack: 25.66440238952637
  Jumpstream: 42.45659980773926
  Stamina: 42.24302558898926
  Stream: 35.80289497375488
  Technical: 38.705400466918945
  Rate: 100
