Artist: EXIT TUNES
AssetId: rbxassetid://3040162607
CoverImageAssetId: ''
Description: ''
Filename: Connect (Nightcore Ver.)
HitSFXGroup: 0
Mapper: NikoSek
MD5Hash: 9b0a6487e0c7d05d76d86bf66f06f3ea
NotePrebufferTime: 1000
TimeOffset: -70
Volume: 0.5
Difficulty:
- Overall: 40
  Chordjack: 28.02509479522705
  Handstream: 23.918395042419434
  Jack: 22.48469638824463
  Jumpstream: 40.53420181274414
  Stamina: 37.17953338623047
  Stream: 35.48610076904297
  Technical: 33.209098434448244
  Rate: 100
