Artist: BEMANI Sound Team feat.Fernweh
AssetId: rbxassetid://13872313599
CoverImageAssetId: ''
Description: ''
Filename: GyakuTsuki
HitSFXGroup: 0
Mapper: '[Crz]Rachel'
MD5Hash: 955d6da4576f30b0896d8a7668b41326
NotePrebufferTime: 1000
TimeOffset: -75
Volume: 0.5
Difficulty:
- Overall: 55
  Chordjack: 53.843400192260745
  Handstream: 30.56220359802246
  Jack: 34.98389511108399
  Jumpstream: 32.847298049926756
  Stamina: 49.17156715393067
  Stream: 28.385999107360842
  Technical: 33.37019920349121
  Rate: 100
