Artist: P^Light
AssetId: rbxassetid://10698297773
CoverImageAssetId: ''
Description: ''
Filename: 2 MINUTE FIGHTERS (HEAVY)
HitSFXGroup: 0
MD5Hash: eda1978787f4e0652afad0104c2f79b9
NotePrebufferTime: 900
TimeOffset: -80
Volume: 0.5
Difficulty:
- Overall: 27
  Chordjack: 22.19399642944336
  Handstream: 24.749994850158693
  Jack: 21.032097816467285
  Jumpstream: 32.89589881896973
  Stamina: 28.280001640319824
  Stream: 29.70000343322754
  Technical: 32.85449752807617
  Rate: 100
