Artist: Kola Kid
AssetId: rbxassetid://10080189233
CoverImageAssetId: ''
Description: ''
Filename: spaceman
HitSFXGroup: 0
Mapper: frooti
MD5Hash: d6e3e87f3b67205c107c39636fdc45bd
NotePrebufferTime: 1000
TimeOffset: -70
Volume: 0.5
Difficulty:
- Overall: 35
  Chordjack: 25.08479461669922
  Handstream: 28.739695358276368
  Jack: 23.624097061157226
  Jumpstream: 38.36520195007324
  Stamina: 36.983973312377934
  Stream: 37.92959747314453
  Technical: 36.80009994506836
  Rate: 100
