Artist: Minamotoya feat. Kuroa
AssetId: rbxassetid://10719136730
CoverImageAssetId: ''
Description: ''
Filename: Hana Kagerou (LIGHT)
HitSFXGroup: 0
MD5Hash: 3b74504858bd2715ea245e1a0ff97bc8
NotePrebufferTime: 1000
TimeOffset: -70
Volume: 0.5
Difficulty:
- Overall: 6
  Chordjack: 6.929099893569947
  Handstream: 7.03709979057312
  Jack: 6.704099893569946
  Jumpstream: 13.100400638580323
  Stamina: 11.242491531372071
  Stream: 12.115799903869629
  Technical: 12.99150037765503
  Rate: 100
