Artist: Feryquitous
AssetId: rbxassetid://12992800035
CoverImageAssetId: ''
Description: ''
Filename: Dstorv
HitSFXGroup: 0
Mapper: aewyuii
MD5Hash: bd6f44dd4218782ff0fc0c678b61bcc4
NotePrebufferTime: 1000
TimeOffset: -75
Volume: 0.5
Difficulty:
- Overall: 56
  Chordjack: 44.238599395751955
  Handstream: 55.93049697875977
  Jack: 30.563099670410157
  Jumpstream: 50.48279571533203
  Stamina: 54.00358428955078
  Stream: 48.205800247192386
  Technical: 53.67509307861328
  Rate: 100
