Artist: Billain
AssetId: rbxassetid://13155556762
CoverImageAssetId: ''
Description: ''
Filename: Boogie
HitSFXGroup: 0
Mapper: Evening
MD5Hash: c20879612badb1761fc16aed91da3cb6
NotePrebufferTime: 1000
TimeOffset: -75
Volume: 0.5
Difficulty:
- Overall: 45
  Chordjack: 36.42749176025391
  Handstream: 45.77489318847656
  Jack: 29.102398681640626
  Jumpstream: 49.446894836425784
  Stamina: 49.397452926635744
  Stream: 47.338196182250975
  Technical: 49.343396759033205
  Rate: 100
