Artist: YUC'e
AssetId: rbxassetid://13155726818
CoverImageAssetId: ''
Description: ''
Filename: Night Club Junkie
HitSFXGroup: 0
Mapper: Ska
MD5Hash: dd5cf5d4a56d8ca1571a6839a83f0e9a
NotePrebufferTime: 1000
TimeOffset: -75
Volume: 0.5
Difficulty:
- Overall: 64
  Chordjack: 42.508798599243164
  Handstream: 39.1526985168457
  Jack: 35.27279777526856
  Jumpstream: 46.218600082397465
  Stamina: 61.27481689453125
  Stream: 64.87739181518555
  Technical: 60.324300384521486
  Rate: 100
