Artist: Ryu feat.Mayumi Morinaga
AssetId: rbxassetid://13872270908
CoverImageAssetId: ''
Description: ''
Filename: Din Don Dan
HitSFXGroup: 0
Mapper: Xingyue-
MD5Hash: 7cb93119934df37f01ce6647a0b56cbd
NotePrebufferTime: 1000
TimeOffset: -75
Volume: 0.5
Difficulty:
- Overall: 46
  Chordjack: 47.38139991760254
  Handstream: 31.48110008239746
  Jack: 29.05740280151367
  Jumpstream: 34.68779640197754
  Stamina: 45.203528594970706
  Stream: 24.990295028686525
  Technical: 31.59990005493164
  Rate: 100
