Artist: SAMBA MASTER -SATOH-
AssetId: rbxassetid://10025010120
CoverImageAssetId: ''
Description: ''
Filename: Dark Sambaland
HitSFXGroup: 0
Mapper: Seiryuu
MD5Hash: d3b58be1031e42f08991ad857787c366
NotePrebufferTime: 1000
TimeOffset: -70
Volume: 0.5
Difficulty:
- Overall: 46
  Chordjack: 48.443396759033206
  Handstream: 36.74249725341797
  Jack: 33.02279777526856
  Jumpstream: 37.67039909362793
  Stamina: 45.22128868103027
  Stream: 27.611993408203126
  Technical: 33.85169906616211
  Rate: 100
