Artist: t+pazolite
AssetId: rbxassetid://10724376679
CoverImageAssetId: ''
Description: ''
Filename: Garakuta Doll Play (EXTRA)
HitSFXGroup: 0
Mapper: Caput Mortuum
MD5Hash: 2fd2876f73e0abe71966f9e30601018d
NotePrebufferTime: 1000
TimeOffset: -365
Volume: 0.8
Difficulty:
- Overall: 41
  Chordjack: 38.23919906616211
  Handstream: 38.61180038452149
  Jack: 29.58570098876953
  Jumpstream: 39.6629997253418
  Stamina: 34.93824691772461
  Stream: 33.684294891357425
  Technical: 39.622501373291016
  Rate: 100
