Artist: Ice
AssetId: rbxassetid://10698478369
CoverImageAssetId: ''
Description: ''
Filename: Entrance
HitSFXGroup: 0
MD5Hash: 57fd271d92c867b6e5b874a0c914b98a
NotePrebufferTime: 940
TimeOffset: 145
Volume: 0.5
Difficulty:
- Overall: 24
  Chordjack: 17.54729633331299
  Handstream: 17.77679557800293
  Jack: 17.96219844818115
  Jumpstream: 29.65500411987305
  Stamina: 28.003060340881348
  Stream: 27.002693367004394
  Technical: 29.246405410766602
  Rate: 100
