Artist: Laur
AssetId: rbxassetid://10049131181
CoverImageAssetId: --FILL IN COVERART ASSETID HERE--
Description: ''
Filename: Verzweiflung
HitSFXGroup: 0
Mapper: laughingcomet
MD5Hash: e8e7585f507336819e7eae59db81b0c4
NotePrebufferTime: 1500
TimeOffset: -2580
Volume: 0.5
Difficulty:
- Overall: 44
  Chordjack: 31.052701950073242
  Handstream: 35.62649574279785
  Jack: 29.19690170288086
  Jumpstream: 44.45999794006348
  Stamina: 37.551763916015624
  Stream: 40.674600219726564
  Technical: 44.15309829711914
  Rate: 100
