Artist: antiPLUR
AssetId: rbxassetid://13866869285
CoverImageAssetId: ''
Description: ''
Filename: One Life Left to Live (HEAVY)
HitSFXGroup: 0
Mapper: -MysticEyes
MD5Hash: 61884e9840559884ef919ba74a39ecc8
NotePrebufferTime: 1000
TimeOffset: -75
Volume: 0.5
Difficulty:
- Overall: 17
  Chordjack: 11.518200302124024
  Handstream: 10.422901153564453
  Jack: 11.700899505615235
  Jumpstream: 19.352698516845702
  Stamina: 17.615466499328615
  Stream: 18.25289840698242
  Technical: 18.348297500610354
  Rate: 100
