Artist: YZYX
AssetId: rbxassetid://10024750341
CoverImageAssetId: ''
Description: ''
Filename: Powerflux
HitSFXGroup: 0
Mapper: Aquellex
MD5Hash: 3ddceb33d52591a676fd4fa444d72cba
NotePrebufferTime: 1000
TimeOffset: -70
Volume: 0.5
Difficulty:
- Overall: 47
  Chordjack: 34.227898406982426
  Handstream: 37.6433967590332
  Jack: 31.08780326843262
  Jumpstream: 45.39059829711914
  Stamina: 45.39196128845215
  Stream: 45.4373966217041
  Technical: 44.65709609985352
  Rate: 100
