Artist: Various Artists
AssetId: rbxassetid://575197680
CoverImageAssetId: ''
Description: ''
Filename: osu!memories (SECRET)
HitSFXGroup: 0
MD5Hash: 38b02082faf8f1e86b3e96edb595acbe
NotePrebufferTime: 1000
TimeOffset: -70
Volume: 0.5
Difficulty:
- Overall: 32
  Chordjack: 26.071191787719727
  Handstream: 30.779097747802734
  Jack: 18.828897857666018
  Jumpstream: 33.79409637451172
  Stamina: 33.76030311584473
  Stream: 29.104197692871093
  Technical: 32.00669975280762
  Rate: 100
