Artist: Zutt
AssetId: rbxassetid://10698125817
CoverImageAssetId: ''
Description: ''
Filename: HYMN (HEAVY)
HitSFXGroup: 0
MD5Hash: fc2b75aa36747c919c03d4f348a98e38
NotePrebufferTime: 1000
TimeOffset: -105
Volume: 0.5
Difficulty:
- Overall: 32
  Chordjack: 28.391399574279784
  Handstream: 27.308693504333498
  Jack: 22.782595825195312
  Jumpstream: 35.15669631958008
  Stamina: 33.31739959716797
  Stream: 26.022594451904297
  Technical: 33.51149711608887
  Rate: 100
