Artist: Foreground Eclipse
AssetId: rbxassetid://95448465260692
CoverImageAssetId: rbxassetid://8359867045
Description: ''
Filename: Last Liar Standing (LIGHT)
HitSFXGroup: 0
Mapper: Trixta
MD5Hash: 33b8d49970116e5bd44eae57c8741067
NotePrebufferTime: 1000
TimeOffset: 0
Volume: 0.5
Difficulty:
- Overall: 44
  Chordjack: 37.47329750061035
  Handstream: 43.956896209716795
  Jack: 26.769601249694826
  Jumpstream: 42.53669700622559
  Stamina: 46.30065422058106
  Stream: 52.318793106079106
  Technical: 49.63319892883301
  Rate: 100
