Artist: Helblinde
AssetId: rbxassetid://2920253164
CoverImageAssetId: ''
Description: ''
Filename: Heaven's Fall (HEAVY)
HitSFXGroup: 0
Mapper: riunosk
MD5Hash: effa31833748cff2b73e2931b649ac34
NotePrebufferTime: 1000
TimeOffset: -184
Volume: 0.5
Difficulty:
- Overall: 39
  Chordjack: 28.619992446899413
  Handstream: 44.13329544067383
  Jack: 25.07399711608887
  Jumpstream: 38.746794891357425
  Stamina: 44.08916473388672
  Stream: 34.86149711608887
  Technical: 37.45799903869629
  Rate: 100
