Artist: hyi
AssetId: rbxassetid://10036608494
CoverImageAssetId: ''
Description: ''
Filename: you can recover
HitSFXGroup: 0
Mapper: Valedict
MD5Hash: 27b79389ea5fcf24c654bc7b764f9c81
NotePrebufferTime: 1000
TimeOffset: -500
Volume: 0.5
Difficulty:
- Overall: 29
  Chordjack: 20.252698516845705
  Handstream: 20.787296676635744
  Jack: 17.397897720336914
  Jumpstream: 33.196498489379884
  Stamina: 31.008773803710938
  Stream: 30.26250343322754
  Technical: 28.818000411987306
  Rate: 100
