Artist: Yunomi
AssetId: rbxassetid://10080193398
CoverImageAssetId: ''
Description: ''
Filename: Mentai Cosmic (feat. Nicamoq) (HEAVY)
HitSFXGroup: 0
MD5Hash: 8b9d6412e1665fe7edf7b2dd6876cd89
NotePrebufferTime: 1000
TimeOffset: -70
Volume: 0.5
Difficulty:
- Overall: 35
  Chordjack: 31.691701126098632
  Handstream: 29.84850082397461
  Jack: 25.370995330810548
  Jumpstream: 31.988699340820315
  Stamina: 31.956711959838866
  Stream: 25.021794891357423
  Technical: 31.71870002746582
  Rate: 100
