Artist: Yooh
AssetId: rbxassetid://10698358857
CoverImageAssetId: ''
Description: ''
Filename: Chinese Tea Orchid Remix (HEAVY)
HitSFXGroup: 0
MD5Hash: ca2433c88a61da7a6af27a3696fae98b
NotePrebufferTime: 1000
TimeOffset: -66
Volume: 0.5
Difficulty:
- Overall: 25
  Chordjack: 22.757395935058593
  Handstream: 26.655295372009277
  Jack: 17.792097473144533
  Jumpstream: 31.499100494384766
  Stamina: 27.24686794281006
  Stream: 26.81279468536377
  Technical: 30.674700164794924
  Rate: 100
