Artist: xi
AssetId: rbxassetid://598625751
CoverImageAssetId: ''
Description: ''
Filename: Blue Zenith (LIGHT)
HitSFXGroup: 0
Mapper: Jepetski
MD5Hash: d368fc1fa92330dd8a76d88987d52c2f
NotePrebufferTime: 1000
TimeOffset: -100
Volume: 0.5
Difficulty:
- Overall: 33
  Chordjack: 26.688594245910647
  Handstream: 28.89539909362793
  Jack: 19.9466983795166
  Jumpstream: 37.42469673156739
  Stamina: 37.387274551391606
  Stream: 31.382102966308594
  Technical: 32.47380065917969
  Rate: 100
