Artist: TAG underground
AssetId: rbxassetid://10698492728
CoverImageAssetId: --FILL IN COVERART ASSETID HERE--
Description: ''
Filename: POSSESSION (HEAVY)
HitSFXGroup: 0
MD5Hash: 7bd16d1caf23ce891bb12a42055dad81
NotePrebufferTime: 900
TimeOffset: -75
Volume: 0.5
Difficulty:
- Overall: 29
  Chordjack: 26.207096099853516
  Handstream: 19.31579647064209
  Jack: 17.23319721221924
  Jumpstream: 29.221202087402343
  Stamina: 27.61322078704834
  Stream: 21.22829647064209
  Technical: 27.690296745300294
  Rate: 100
