Artist: wa. remixed celas
AssetId: rbxassetid://10697999513
CoverImageAssetId: ''
Description: ''
Filename: Crystal World ~Fracture~ (HEAVY)
HitSFXGroup: 0
MD5Hash: f60e52fd2edccc63b913f79826d0e81d
NotePrebufferTime: 1000
TimeOffset: -70
Volume: 0.5
Difficulty:
- Overall: 30
  Chordjack: 24.032695770263672
  Handstream: 37.07999725341797
  Jack: 19.783796882629396
  Jumpstream: 34.82549285888672
  Stamina: 35.15207862854004
  Stream: 35.739898681640625
  Technical: 35.006396484375
  Rate: 100
