Artist: Camellia
AssetId: rbxassetid://9512641280
CoverImageAssetId: ''
Description: ''
Filename: We Could Get More Machinegun Psystyle! (And More Genre Switches)
HitSFXGroup: 0
Mapper: Hydria
MD5Hash: 9c450f16d01b47d6605bad72d8e78a80
NotePrebufferTime: 1000
TimeOffset: -75
Volume: 0.5
Difficulty:
- Overall: 55
  Chordjack: 46.37429695129395
  Handstream: 46.32479667663574
  Jack: 32.95530052185059
  Jumpstream: 45.50579681396484
  Stamina: 45.87351608276367
  Stream: 40.85459747314453
  Technical: 47.47229461669922
  Rate: 100
