Artist: siromaru + cranky
AssetId: rbxassetid://10024152849
CoverImageAssetId: ''
Description: ''
Filename: Conflict (HEAVY)
HitSFXGroup: 0
Mapper: Einar
MD5Hash: f5dd22f1ff5e456fba7f28a6c1be9ff6
NotePrebufferTime: 1000
TimeOffset: -70
Volume: 0.5
Difficulty:
- Overall: 50
  Chordjack: 46.34549560546875
  Handstream: 43.48979873657227
  Jack: 40.0158016204834
  Jumpstream: 43.78859939575195
  Stamina: 43.15820045471192
  Stream: 31.45320167541504
  Technical: 40.94820442199707
  Rate: 100
