Artist: blank
AssetId: rbxassetid://0
CoverImageAssetId: ''
Description: ''
Filename: 1h 54m js challenge
HitSFXGroup: 0
MD5Hash: b09560a9212f0ec9a4c4eb2ef55ae5a1
NotePrebufferTime: 1000
TimeOffset: -70
Volume: 0.5
Difficulty:
- Overall: 40
  Chordjack: 23.166894149780273
  Handstream: 20.50829544067383
  Jack: 20.969997596740722
  Jumpstream: 41.418896484375004
  Stamina: 41.37748146057129
  Stream: 38.94029502868653
  Technical: 38.0942928314209
  Rate: 100
