Artist: lapix
AssetId: rbxassetid://10043795059
CoverImageAssetId: ''
Description: ''
Filename: Duality Rave (Zekk's 'FULL SPEC' Remix) (EXTRA II)
HitSFXGroup: 0
Mapper: Hydria
MD5Hash: 08ec9ac62a1aa3a96470f46b8dbbebbc
NotePrebufferTime: 1000
TimeOffset: -130
Volume: 0.5
Difficulty:
- Overall: 45
  Chordjack: 37.32029571533203
  Handstream: 39.15899505615234
  Jack: 31.98600082397461
  Jumpstream: 40.48020057678223
  Stamina: 38.431422042846684
  Stream: 36.227698516845706
  Technical: 39.96179695129395
  Rate: 100
