Artist: DJ Kurara
AssetId: rbxassetid://10024128520
CoverImageAssetId: ''
Description: ''
Filename: Japanese Transformation (EXTRA)
HitSFXGroup: 0
Mapper: Fullerene-
MD5Hash: 195b7a90ba5eae59965b287f8f9c701e
NotePrebufferTime: 1000
TimeOffset: -200
Volume: 0.5
Difficulty:
- Overall: 50
  Chordjack: 38.32829475402832
  Handstream: 39.77189826965332
  Jack: 30.508202362060548
  Jumpstream: 50.87339401245117
  Stamina: 50.82252388000489
  Stream: 43.58069686889649
  Technical: 44.92619934082031
  Rate: 100
