Artist: xi vs sakuyzo
AssetId: rbxassetid://10049016378
CoverImageAssetId: ''
Description: ''
Filename: Lunar Mare
HitSFXGroup: 0
Mapper: rinstea
MD5Hash: 931bd16b4f9fa2154c31dcdd2ae17a87
NotePrebufferTime: 1000
TimeOffset: 1400
Volume: 0.5
Difficulty:
- Overall: 47
  Chordjack: 33.54029846191406
  Handstream: 45.24119453430176
  Jack: 27.512100219726562
  Jumpstream: 47.8970947265625
  Stamina: 46.82021141052246
  Stream: 51.13349533081055
  Technical: 49.64489593505859
  Rate: 100
