Artist: Virtual Riot
AssetId: rbxassetid://10024718759
CoverImageAssetId: rbxassetid://5909517735
Description: Made by Reyi
Filename: Rampage
HitSFXGroup: 0
Mapper: rinstea
MD5Hash: 18d35a56dbdc00e805679c7c3eba3f27
NotePrebufferTime: 1000
TimeOffset: -70
Volume: 0.5
Difficulty:
- Overall: 48
  Chordjack: 31.638602828979494
  Handstream: 43.40879516601563
  Jack: 25.874097061157226
  Jumpstream: 40.067097473144536
  Stamina: 43.76721725463867
  Stream: 47.997894287109375
  Technical: 46.53540115356446
  Rate: 100
