Artist: HEAVY Pf
AssetId: rbxassetid://10698365140
CoverImageAssetId: ''
Description: ''
Filename: fffff
HitSFXGroup: 0
MD5Hash: 315fb4ad215360712c00617cdc0f48d7
NotePrebufferTime: 1000
TimeOffset: -60
Volume: 0.5
Difficulty:
- Overall: 25
  Chordjack: 20.763897514343263
  Handstream: 25.433996772766115
  Jack: 21.291297912597656
  Jumpstream: 30.90780258178711
  Stamina: 29.36403465270996
  Stream: 28.147494506835937
  Technical: 28.99980354309082
  Rate: 100
