Artist: Katagiri
AssetId: rbxassetid://10811842720
CoverImageAssetId: ''
Description: ''
Filename: Scattered Pancakes
HitSFXGroup: 0
Mapper: A_scend
MD5Hash: f534cca305b8cf88305ab26814e347bb
NotePrebufferTime: 1000
TimeOffset: -75
Volume: 0.5
Difficulty:
- Overall: 43
  Chordjack: 34.577998352050784
  Handstream: 41.08319549560547
  Jack: 28.943100357055666
  Jumpstream: 44.196295166015624
  Stamina: 43.80943908691406
  Stream: 36.796498489379886
  Technical: 41.53769989013672
  Rate: 100
