Artist: Silvia
AssetId: rbxassetid://10697954818
CoverImageAssetId: --FILL IN COVERART ASSETID HERE--
Description: ''
Filename: Vertex BETA
HitSFXGroup: 0
Mapper: ArcadeSona
MD5Hash: d9ab1786feed43ee1d9bd2317b472d3b
NotePrebufferTime: 830
TimeOffset: -60
Volume: 0.4
Difficulty:
- Overall: 32
  Chordjack: 24.650994300842285
  Handstream: 22.528794479370116
  Jack: 22.652098846435546
  Jumpstream: 41.370299148559575
  Stamina: 39.60190887451172
  Stream: 38.99519920349121
  Technical: 38.08979873657227
  Rate: 100
