Artist: Azumalim (Mtell & Ange;art Hardcore Bootleg)
AssetId: rbxassetid://13867493886
CoverImageAssetId: ''
Description: ''
Filename: Jinrui Mina Senpai!
HitSFXGroup: 0
Mapper: Ska
MD5Hash: 6e8c67eac62956deb482d7a2e1e112c7
NotePrebufferTime: 1000
TimeOffset: -75
Volume: 0.5
Difficulty:
- Overall: 46
  Chordjack: 36.412196731567384
  Handstream: 40.90139923095703
  Jack: 28.461595344543458
  Jumpstream: 47.29319686889649
  Stamina: 46.14978446960449
  Stream: 47.33909568786621
  Technical: 47.62799491882324
  Rate: 100
