Artist: t+pazolite
AssetId: rbxassetid://10718729415
CoverImageAssetId: rbxassetid://6572885828
Description: Mapped by Lirai
Filename: Contrapasso -inferno-
HitSFXGroup: 0
Mapper: Lirai
MD5Hash: d03ace71dbe3f1ced0cba683ab08ba6b
NotePrebufferTime: 800
TimeOffset: -400
Volume: 0.5
Difficulty:
- Overall: 31
  Chordjack: 24.779693984985354
  Handstream: 25.309794616699218
  Jack: 17.768700027465822
  Jumpstream: 34.34309692382813
  Stamina: 32.71957168579102
  Stream: 27.70829544067383
  Technical: 32.15159912109375
  Rate: 100
