Artist: Jenny Rom
AssetId: rbxassetid://13867180583
CoverImageAssetId: ''
Description: ''
Filename: Senorita (Speedy Mix)
HitSFXGroup: 0
Mapper: Leo137
MD5Hash: a2c683129180685a9964935553a83d6c
NotePrebufferTime: 1000
TimeOffset: -75
Volume: 0.5
Difficulty:
- Overall: 34
  Chordjack: 26.457295989990236
  Handstream: 31.721401977539063
  Jack: 22.26419563293457
  Jumpstream: 38.79269714355469
  Stamina: 36.63591270446778
  Stream: 29.67210159301758
  Technical: 32.79869728088379
  Rate: 100
