Artist: Dark PHOENiX
AssetId: rbxassetid://9512585141
CoverImageAssetId: ''
Description: ''
Filename: Green-Eyed Jealousy (True End)
HitSFXGroup: 0
Mapper: '[Crz]Rachel'
MD5Hash: c88e2a6e334f4cc62ca3ddeeefe45ad1
NotePrebufferTime: 1000
TimeOffset: -70
Volume: 0.5
Difficulty:
- Overall: 78
  Chordjack: 41.79869384765625
  Handstream: 44.385297775268555
  Jack: 36.93239250183105
  Jumpstream: 43.894799423217776
  Stamina: 61.63266220092773
  Stream: 63.602098846435545
  Technical: 58.77809143066406
  Rate: 100
