Artist: Shiraishi
AssetId: rbxassetid://10023966701
CoverImageAssetId: rbxassetid://8359864229
Description: ''
Filename: Moon-Gate (LIGHT)
HitSFXGroup: 0
Mapper: Wh1teh
MD5Hash: 604e476bc6c41a80fe9b28dd81b7d9c7
NotePrebufferTime: 1000
TimeOffset: -1775
Volume: 0.5
Difficulty:
- Overall: 26
  Chordjack: 21.872697830200195
  Handstream: 21.90509548187256
  Jack: 20.171698379516602
  Jumpstream: 35.0036979675293
  Stamina: 32.807359313964845
  Stream: 31.6278018951416
  Technical: 29.82509994506836
  Rate: 100
