Artist: Team Grimoire vs Laur
AssetId: rbxassetid://10698118788
CoverImageAssetId: ''
Description: ''
Filename: Grievous Lady (HEAVY)
HitSFXGroup: 0
MD5Hash: 34047564a3ff0928c93ed7fc5a281339
NotePrebufferTime: 1000
TimeOffset: -70
Volume: 0.5
Difficulty:
- Overall: 25
  Chordjack: 16.702197074890137
  Handstream: 16.175699615478518
  Jack: 16.884899711608888
  Jumpstream: 25.669795989990234
  Stamina: 24.22393856048584
  Stream: 22.15169734954834
  Technical: 24.646496772766113
  Rate: 100
