Artist: SHK
AssetId: rbxassetid://10698496447
CoverImageAssetId: ''
Description: ''
Filename: Halloween Party (HEAVY)
HitSFXGroup: 0
MD5Hash: c5cc3ade78740ea4d4a10fb294ac600c
NotePrebufferTime: 890
TimeOffset: -75
Volume: 0.5
Difficulty:
- Overall: 27
  Chordjack: 16.849796676635744
  Handstream: 21.479395866394043
  Jack: 21.550498008728027
  Jumpstream: 27.297894287109376
  Stamina: 23.11940574645996
  Stream: 25.974894905090334
  Technical: 28.191599464416505
  Rate: 100
