Artist: DJ Sharpnel
AssetId: rbxassetid://3029446500
CoverImageAssetId: ''
Description: ''
Filename: Gate Openerz (HEAVY)
HitSFXGroup: 0
Mapper: IcyWorld
MD5Hash: dfa6de22bb2e9c239b68765f70f312e2
NotePrebufferTime: 1000
TimeOffset: -70
Volume: 0.5
Difficulty:
- Overall: 40
  Chordjack: 29.541594314575196
  Handstream: 44.41139717102051
  Jack: 25.04249725341797
  Jumpstream: 42.28289909362793
  Stamina: 44.36698837280274
  Stream: 37.71449546813965
  Technical: 39.31109390258789
  Rate: 100
