Artist: Camellia
AssetId: rbxassetid://10065461157
CoverImageAssetId: ''
Description: ''
Filename: Newspapers for Magicians
HitSFXGroup: 0
Mapper: Leniane
MD5Hash: 917500fe48236638e325dcb6dca81005
NotePrebufferTime: 1000
TimeOffset: 50
Volume: 0.5
Difficulty:
- Overall: 29
  Chordjack: 20.882697486877444
  Handstream: 25.175694465637207
  Jack: 18.828897857666018
  Jumpstream: 30.54420318603516
  Stamina: 29.085634231567383
  Stream: 30.505500411987306
  Technical: 31.246202087402345
  Rate: 100
