Artist: DJ Sharpnel
AssetId: rbxassetid://10698107110
CoverImageAssetId: ''
Description: ''
Filename: Pants
HitSFXGroup: 0
MD5Hash: 7daabb59e5b7e708c3ed87b0666262a1
NotePrebufferTime: 1000
TimeOffset: 0
Volume: 0.5
Difficulty:
- Overall: 33
  Chordjack: 36.223197555541994
  Handstream: 24.660894012451173
  Jack: 24.197394561767577
  Jumpstream: 28.296894836425782
  Stamina: 35.13120803833008
  Stream: 22.65209541320801
  Technical: 27.618295097351076
  Rate: 100
