Artist: Ryuwitty and Kuroa
AssetId: rbxassetid://10727717584
CoverImageAssetId: ''
Description: ''
Filename: The World of Sound
HitSFXGroup: 0
Mapper: MelTd0w0
MD5Hash: 605bb5e75baf9bc3a0fba75e9f8211c3
NotePrebufferTime: 1000
TimeOffset: -75
Volume: 0.5
Difficulty:
- Overall: 45
  Chordjack: 30.92940444946289
  Handstream: 37.177198791503905
  Jack: 29.06370277404785
  Jumpstream: 43.84980010986328
  Stamina: 42.606776046752934
  Stream: 37.94309692382813
  Technical: 42.538499450683595
  Rate: 100
