Artist: Omoi
AssetId: rbxassetid://10080195106
CoverImageAssetId: ''
Description: ''
Filename: Teo
HitSFXGroup: 0
MD5Hash: 77ef3142b161d755233d8df6eb069550
NotePrebufferTime: 1000
TimeOffset: -100
Volume: 0.5
Difficulty:
- Overall: 35
  Chordjack: 26.863192749023437
  Handstream: 38.02409706115723
  Jack: 21.360597610473633
  Jumpstream: 36.35189208984375
  Stamina: 37.98607406616211
  Stream: 31.012203598022463
  Technical: 33.60149574279785
  Rate: 100
