Artist: Ayako Ikeda
AssetId: rbxassetid://10169769808
CoverImageAssetId: ''
Description: ''
Filename: Prism [TV Size] (LN)
HitSFXGroup: 0
Mapper: BaniiYanii
MD5Hash: 131d79894f39bcc4cafbffb2c9cd8495
NotePrebufferTime: 1000
TimeOffset: -3100
Volume: 0.5
Difficulty:
- Overall: 30
  Chordjack: 15.260399436950683
  Handstream: 20.008795166015627
  Jack: 12.608098983764648
  Jumpstream: 22.760096168518068
  Stamina: 20.53729248046875
  Stream: 19.93769817352295
  Technical: 21.974396896362304
  Rate: 100
