Artist: Camellia
AssetId: rbxassetid://13025248053
CoverImageAssetId: ''
Description: ''
Filename: Proof Of A Hero (Camellia Remix)
HitSFXGroup: 0
Mapper: aewyuii
MD5Hash: aa5a23c73f5092259974d5ed5b370413
NotePrebufferTime: 1000
TimeOffset: -95
Volume: 0.5
Difficulty:
- Overall: 57
  Chordjack: 57.668389892578126
  Handstream: 44.10629653930664
  Jack: 37.22669906616211
  Jumpstream: 43.13609733581543
  Stamina: 54.84956245422364
  Stream: 37.29599876403809
  Technical: 43.88669700622559
  Rate: 100
