Artist: Abel & RiraN
AssetId: rbxassetid://13025202689
CoverImageAssetId: ''
Description: ''
Filename: Lacrimosa
HitSFXGroup: 0
Mapper: AbdTheEternity
MD5Hash: e74c18ab571be51f77915709e0c0af56
NotePrebufferTime: 1000
TimeOffset: -75
Volume: 0.5
Difficulty:
- Overall: 32
  Chordjack: 25.427695083618165
  Handstream: 26.294394493103027
  Jack: 27.90180072784424
  Jumpstream: 32.107499313354495
  Stamina: 29.907394409179688
  Stream: 31.286700439453124
  Technical: 35.12069892883301
  Rate: 100
