Artist: Camellia
AssetId: rbxassetid://10024114377
CoverImageAssetId: rbxassetid://8359953329
Description: ''
Filename: Dyscontrolled Galaxy (LIGHT)
HitSFXGroup: 0
Mapper: Jakads
MD5Hash: a4bd33ebb2391e3eaf1cdcfbe9551614
NotePrebufferTime: 1000
TimeOffset: -70
Volume: 0.5
Difficulty:
- Overall: 30
  Chordjack: 24.748194122314455
  Handstream: 25.832695770263673
  Jack: 22.197594451904298
  Jumpstream: 36.60029640197754
  Stamina: 34.25737953186035
  Stream: 32.01480216979981
  Technical: 34.307995605468754
  Rate: 100
