Artist: D(ABE3)
AssetId: rbxassetid://12781315046
CoverImageAssetId: ''
Description: ''
Filename: MANIERA
HitSFXGroup: 0
Mapper: wnoder
MD5Hash: bd44d6e6db5234c1f060d25d1abb6a1d
NotePrebufferTime: 1000
TimeOffset: -75
Volume: 0.5
Difficulty:
- Overall: 43
  Chordjack: 35.10539703369141
  Handstream: 41.1254997253418
  Jack: 34.25130271911621
  Jumpstream: 40.575596237182616
  Stamina: 40.41983757019043
  Stream: 38.12669906616211
  Technical: 42.88500137329102
  Rate: 100
