Artist: Remo Prototype
AssetId: rbxassetid://9512608036
CoverImageAssetId: rbxassetid://8351791229
Description: ''
Filename: Sendan Life (katagiri bootleg)
HitSFXGroup: 0
Mapper: OpakyL
MD5Hash: 670493b05cd72697f390f98696a3527d
NotePrebufferTime: 1000
TimeOffset: 50
Volume: 0.5
Difficulty:
- Overall: 56
  Chordjack: 54.18089332580566
  Handstream: 32.254201126098636
  Jack: 32.13540115356445
  Jumpstream: 36.05579681396485
  Stamina: 53.88661079406739
  Stream: 30.284101867675783
  Technical: 35.49599533081055
  Rate: 100
