Artist: NoobMan3332
AssetId: rbxassetid://10799511869
CoverImageAssetId: ''
Description: ''
Filename: chords symphony
HitSFXGroup: 0
Mapper: NoobMan3332
MD5Hash: ed9fea0b8b895cbc7cda40a901a00358
NotePrebufferTime: 1000
TimeOffset: -75
Volume: 0.5
Difficulty:
- Overall: 37
  Chordjack: 37.505696868896486
  Handstream: 30.193203735351563
  Jack: 19.862098503112794
  Jumpstream: 32.706903076171876
  Stamina: 35.87155265808106
  Stream: 20.26709575653076
  Technical: 25.374595069885256
  Rate: 100
