Artist: laura les
AssetId: rbxassetid://0
CoverImageAssetId: ''
Description: ''
Filename: Haunted (dive to the heart remix) (EXTRA) (NO AUDIO)
HitSFXGroup: 0
Mapper: Monheim
MD5Hash: 974ed98375963a5e2aa72f3b5b17fa35
NotePrebufferTime: 1000
TimeOffset: -75
Volume: 0.5
Difficulty:
- Overall: 32
  Chordjack: 25.20449752807617
  Handstream: 29.100603103637695
  Jack: 20.537998008728028
  Jumpstream: 30.944699478149413
  Stamina: 29.18111228942871
  Stream: 29.371501922607422
  Technical: 31.38029708862305
  Rate: 100
