Artist: xi
AssetId: rbxassetid://129776767968088
CoverImageAssetId: rbxassetid://8359802196
Description: ''
Filename: PEACE BREAKER (HEAVY)
HitSFXGroup: 0
Mapper: Fullerene-
MD5Hash: b888d609ac4c38af377c30fd78b1bf8d
NotePrebufferTime: 1000
TimeOffset: -70
Volume: 0.5
Difficulty:
- Overall: 55
  Chordjack: 37.225799560546875
  Handstream: 45.955796813964845
  Jack: 31.439698791503908
  Jumpstream: 52.019992446899415
  Stamina: 53.725716018676756
  Stream: 53.77949409484864
  Technical: 52.547397994995116
  Rate: 100
