Artist: NOA
AssetId: rbxassetid://87770712426874
CoverImageAssetId: ''
Description: ''
Filename: Monsters
HitSFXGroup: 0
Mapper: nippl
MD5Hash: 47db64cc9fe42e63092435b014e3d19a
NotePrebufferTime: 1000
TimeOffset: -70
Volume: 0.5
Difficulty:
- Overall: 48
  Chordjack: 50.744696044921874
  Handstream: 27.467993545532227
  Jack: 29.88630065917969
  Jumpstream: 30.236404037475587
  Stamina: 48.316552734375
  Stream: 27.013496017456056
  Technical: 31.14810104370117
  Rate: 100
