Artist: DJ Kurara
AssetId: rbxassetid://10024723172
CoverImageAssetId: ''
Description: ''
Filename: A World Away (DJKurara Remix)
HitSFXGroup: 0
Mapper: AshKy
MD5Hash: 81e2771fd1eebf22ccb85475efd7e07b
NotePrebufferTime: 1000
TimeOffset: -70
Volume: 0.5
Difficulty:
- Overall: 48
  Chordjack: 35.71019439697266
  Handstream: 45.942293930053715
  Jack: 29.883602142333984
  Jumpstream: 47.807995605468754
  Stamina: 47.76019134521484
  Stream: 41.93460159301758
  Technical: 43.920898818969725
  Rate: 100
