Artist: Camellia ft. Ninomae Ina'nis
AssetId: rbxassetid://12781334288
CoverImageAssetId: ''
Description: ''
Filename: Drenched in Air (LN)
HitSFXGroup: 0
Mapper: A_scend
MD5Hash: c069ff50ade4154ad59c9fd9388dde14
NotePrebufferTime: 1000
TimeOffset: -75
Volume: 0.5
Difficulty:
- Overall: 0
  Chordjack: 26.38619384765625
  Handstream: 32.4
  Jack: 24.096596717834473
  Jumpstream: 41.601595687866215
  Stamina: 41.55999526977539
  Stream: 39.88169631958008
  Technical: 40.447797775268555
  Rate: 100
