Artist: Rory in early 20s
AssetId: rbxassetid://13873066519
CoverImageAssetId: ''
Description: ''
Filename: ah ah ah Rika!!
HitSFXGroup: 0
Mapper: selling femboys
MD5Hash: 2b8ed37fdbcfbdf94d97432b6a8495eb
NotePrebufferTime: 1000
TimeOffset: -75
Volume: 0.5
Difficulty:
- Overall: 50
  Chordjack: 30.78720016479492
  Handstream: 27.501294136047363
  Jack: 26.27549629211426
  Jumpstream: 30.104101181030273
  Stamina: 48.76340103149414
  Stream: 51.08939552307129
  Technical: 47.09879722595215
  Rate: 100
