Artist: Robin Hustin x TobiMorrow ft. Jex
AssetId: rbxassetid://0
CoverImageAssetId: ''
Description: ''
Filename: Light It Up
HitSFXGroup: 0
Mapper: Reuju-
MD5Hash: 9c1dfca11e6a6613d4225783e8e501a6
NotePrebufferTime: 1000
TimeOffset: -75
Volume: 0.5
Difficulty:
- Overall: 38
  Chordjack: 43.38449821472168
  Handstream: 32.499000549316406
  Jack: 25.85519542694092
  Jumpstream: 32.085001373291014
  Stamina: 40.32990760803223
  Stream: 26.016296195983887
  Technical: 31.80780258178711
  Rate: 100
