Artist: Jackal Queenston
AssetId: rbxassetid://10044139899
CoverImageAssetId: ''
Description: ''
Filename: Rubber Band (LIGHT)
HitSFXGroup: 0
MD5Hash: ed949064492d38070931b36d805ffdd6
NotePrebufferTime: 1000
TimeOffset: -70
Volume: 0.5
Difficulty:
- Overall: 16
  Chordjack: 12.29670009613037
  Handstream: 12.540600872039795
  Jack: 13.515301895141603
  Jumpstream: 20.23919734954834
  Stamina: 18.577568435668947
  Stream: 20.13569927215576
  Technical: 21.617095756530762
  Rate: 100
