Artist: PinocchioP
AssetId: rbxassetid://10698361133
CoverImageAssetId: ''
Description: ''
Filename: Ghosts Play to the Audience
HitSFXGroup: 0
MD5Hash: 4dd240d479b1d758534ebd3bd0c6a98a
NotePrebufferTime: 1000
TimeOffset: -70
Volume: 0.5
Difficulty:
- Overall: 24
  Chordjack: 21.742195701599123
  Handstream: 29.51279983520508
  Jack: 17.273698997497558
  Jumpstream: 30.250802993774414
  Stamina: 29.348468399047853
  Stream: 27.498593902587892
  Technical: 30.15810241699219
  Rate: 100
