Artist: a_hisa
AssetId: rbxassetid://9327468615
CoverImageAssetId: rbxassetid://9512582258
Description: ''
Filename: Anhedonia(cut)
HitSFXGroup: 0
Mapper: '8230'
MD5Hash: 970774a5777c7408e90edb111cc33849
NotePrebufferTime: 1000
TimeOffset: -70
Volume: 0.5
Difficulty:
- Overall: 79
  Chordjack: 67.69888687133789
  Handstream: 43.15949478149414
  Jack: 40.49189758300781
  Jumpstream: 45.34829406738282
  Stamina: 65.42740173339844
  Stream: 34.56449890136719
  Technical: 40.86719741821289
  Rate: 100
