Artist: Imperial Circus Dead Decadence
AssetId: rbxassetid://10064827870
CoverImageAssetId: ''
Description: ''
Filename: FUBUKI
HitSFXGroup: 0
Mapper: '[ Dark_Choco ]'
MD5Hash: 7f1333d85176c990dd891f1485043f72
NotePrebufferTime: 850
TimeOffset: -50
Volume: 0.5
Difficulty:
- Overall: 40
  Chordjack: 28.061095619201662
  Handstream: 34.400696182250975
  Jack: 26.216101455688477
  Jumpstream: 38.82689895629883
  Stamina: 37.83456573486328
  Stream: 34.70399436950684
  Technical: 36.90899848937988
  Rate: 100
