Artist: Hyper Potions
AssetId: rbxassetid://13867555554
CoverImageAssetId: ''
Description: ''
Filename: Surf
HitSFXGroup: 0
Mapper: Evening
MD5Hash: 6c575248778f5d99704327e053396f81
NotePrebufferTime: 1000
TimeOffset: -75
Volume: 0.5
Difficulty:
- Overall: 44
  Chordjack: 31.95809898376465
  Handstream: 38.679297637939456
  Jack: 24.564595413208007
  Jumpstream: 42.98039703369141
  Stamina: 39.578590393066406
  Stream: 42.140698242187504
  Technical: 42.94529914855957
  Rate: 100
