Artist: Rissyu feat. CHOKO
AssetId: rbxassetid://6279840749
CoverImageAssetId: ''
Description: ''
Filename: Bamboo
HitSFXGroup: 0
Mapper: Slick6969
MD5Hash: 5e5898bc192ac94644513194c97be843
NotePrebufferTime: 1000
TimeOffset: -75
Volume: 0.5
Difficulty:
- Overall: 42
  Chordjack: 27.609296607971192
  Handstream: 30.735004806518557
  Jack: 25.697702980041505
  Jumpstream: 34.47179832458496
  Stamina: 31.44140853881836
  Stream: 28.513797569274903
  Technical: 36.338399505615236
  Rate: 100
