Artist: Envy
AssetId: rbxassetid://0
CoverImageAssetId: ''
Description: ''
Filename: LIVING LIFE IN THE NIGHT
HitSFXGroup: 0
Mapper: Jhown
MD5Hash: ed132d0f7ab91069fc7edee3fed7d291
NotePrebufferTime: 1000
TimeOffset: -75
Volume: 0.5
Difficulty:
- Overall: 63
  Chordjack: 59.179497528076176
  Handstream: 43.589698791503906
  Jack: 33.20820236206055
  Jumpstream: 42.422397994995116
  Stamina: 57.822157287597655
  Stream: 30.736800384521484
  Technical: 38.142897033691405
  Rate: 100
