Artist: xi
AssetId: rbxassetid://10049147829
CoverImageAssetId: ''
Description: ''
Filename: Last Resort
HitSFXGroup: 0
Mapper: Ragnarok VII
MD5Hash: e0d984cf92ce09abc4b9eeed86e7b1b7
NotePrebufferTime: 1000
TimeOffset: -600
Volume: 0.5
Difficulty:
- Overall: 44
  Chordjack: 32.003098297119145
  Handstream: 39.87359733581543
  Jack: 29.756703186035157
  Jumpstream: 41.303701400756836
  Stamina: 37.030823135375975
  Stream: 39.848400878906254
  Technical: 41.21639785766602
  Rate: 100
