Artist: Kano
AssetId: rbxassetid://13155903693
CoverImageAssetId: ''
Description: ''
Filename: Yuudachi no Ribbon
HitSFXGroup: 0
Mapper: ELPIS
MD5Hash: 83f90756e9f3789a1ce1b11a5a7d5ffd
NotePrebufferTime: 1000
TimeOffset: -75
Volume: 0.5
Difficulty:
- Overall: 49
  Chordjack: 38.116794204711915
  Handstream: 47.80079612731934
  Jack: 31.51889991760254
  Jumpstream: 48.66929626464844
  Stamina: 51.205545043945314
  Stream: 51.256796264648436
  Technical: 49.196694946289064
  Rate: 100
