Artist: Various Artists
AssetId: rbxassetid://0
CoverImageAssetId: ''
Description: ''
Filename: Dan ~ REFORM ~ 2nd Pack Beta (no audio)
HitSFXGroup: 0
Mapper: DDMythical
MD5Hash: a757be92f7051e327ec467457e50025d
NotePrebufferTime: 1000
TimeOffset: -75
Volume: 0.5
Difficulty:
- Overall: 48
  Chordjack: 40.74929695129395
  Handstream: 38.75759582519532
  Jack: 27.771300315856934
  Jumpstream: 48.85109252929688
  Stamina: 48.80224456787109
  Stream: 44.004597473144536
  Technical: 48.11129722595215
  Rate: 100
