Artist: Andy Lee arranged by Saka-ROW Kumi
AssetId: rbxassetid://10049027967
CoverImageAssetId: ''
Description: ''
Filename: L.D. (HEAVY)
HitSFXGroup: 0
Mapper: Jakads
MD5Hash: 9e3854d803adf4c54aaee1936f3edbe1
NotePrebufferTime: 1000
TimeOffset: -70
Volume: 0.5
Difficulty:
- Overall: 45
  Chordjack: 24
  Handstream: 34.70669288635254
  Jack: 38.90520401000977
  Jumpstream: 40.13459815979004
  Stamina: 29.39835319519043
  Stream: 40.8878963470459
  Technical: 40.16879997253418
  Rate: 100
