Artist: you
AssetId: rbxassetid://106441937878758
CoverImageAssetId: ''
Description: ''
Filename: Hold Angel (LIGHT)
HitSFXGroup: 0
Mapper: Shoegazer
MD5Hash: b8dd047e8ff8c25c992030fb45e8f0a2
NotePrebufferTime: 1000
TimeOffset: -70
Volume: 0.5
Difficulty:
- Overall: 38
  Chordjack: 26.498693847656252
  Handstream: 27.67679557800293
  Jack: 22.76909809112549
  Jumpstream: 36.168296813964844
  Stamina: 36.219324874877934
  Stream: 41.370299148559575
  Technical: 40.32629928588867
  Rate: 100
