Artist: ginkiha x Hommarju x t+pazolite
AssetId: rbxassetid://9512649058
CoverImageAssetId: ''
Description: ''
Filename: Crossing Delta
HitSFXGroup: 0
Mapper: A_scend
MD5Hash: a98901d1241fb8998296c15e206ecf1e
NotePrebufferTime: 1000
TimeOffset: -75
Volume: 0.5
Difficulty:
- Overall: 32
  Chordjack: 24.90479393005371
  Handstream: 29.114995193481445
  Jack: 19.532699203491212
  Jumpstream: 38.16359939575195
  Stamina: 38.12543907165527
  Stream: 32.61780052185059
  Technical: 33.93359527587891
  Rate: 100
