Artist: Various Artist
AssetId: rbxassetid://0
CoverImageAssetId: ''
Description: ''
Filename: Cyclone of Jack Ver.2 jack final
HitSFXGroup: 0
Mapper: '[Crz]Rachel'
MD5Hash: c5bd494d2dd93da863fa89b850ee7d62
NotePrebufferTime: 1000
TimeOffset: -75
Volume: 0.5
Difficulty:
- Overall: 72
  Chordjack: 70.92898406982422
  Handstream: 49.53329544067383
  Jack: 41.664598846435545
  Jumpstream: 48.86909294128418
  Stamina: 70.85806045532227
  Stream: 37.81349601745605
  Technical: 45.04589538574219
  Rate: 100
