Artist: Camellia
AssetId: rbxassetid://9512711709
CoverImageAssetId: rbxassetid://8359839226
Description: ''
Filename: Speedrun
HitSFXGroup: 0
Mapper: Gekido-
MD5Hash: 8309321028ee2f64535a440cb40db4d5
NotePrebufferTime: 1000
TimeOffset: 0
Volume: 0.5
Difficulty:
- Overall: 57
  Chordjack: 45.36719741821289
  Handstream: 47.558695220947264
  Jack: 41.5908016204834
  Jumpstream: 49.17239456176758
  Stamina: 50.27137413024902
  Stream: 47.91419563293457
  Technical: 50.321694946289064
  Rate: 100
