Artist: DJ Kurara
AssetId: rbxassetid://10024128520
CoverImageAssetId: ''
Description: ''
Filename: Japanese Transformation (LIGHT)
HitSFXGroup: 0
Mapper: Xeo VS _UJ
MD5Hash: 7a19894c04205d0f99fd0ae98f77affd
NotePrebufferTime: 1000
TimeOffset: -200
Volume: 0.5
Difficulty:
- Overall: 35
  Chordjack: 22.463995742797852
  Handstream: 21.16619625091553
  Jack: 24.413394355773928
  Jumpstream: 23.637594795227052
  Stamina: 36.06786460876465
  Stream: 38.6216983795166
  Technical: 37.08629722595215
  Rate: 100
