Artist: uma vs Morimori Atsushi
AssetId: rbxassetid://10727858133
CoverImageAssetId: ''
Description: ''
Filename: 'Re: End of a Dream'
HitSFXGroup: 0
Mapper: Trixta
MD5Hash: 7071e29256398c9cc85cfa743c4619a3
NotePrebufferTime: 1000
TimeOffset: -550
Volume: 0.5
Difficulty:
- Overall: 43
  Chordjack: 30.872701263427736
  Handstream: 29.1221981048584
  Jack: 26.086502265930175
  Jumpstream: 40.76279983520508
  Stamina: 36.84466323852539
  Stream: 39.81870002746582
  Technical: 43.00469741821289
  Rate: 100
