Artist: Dormir
AssetId: rbxassetid://12994270822
CoverImageAssetId: ''
Description: ''
Filename: Une Mage Blanche
HitSFXGroup: 0
Mapper: A_scend
MD5Hash: 27e8295e494a44bd17a0b7a1a0b3350a
NotePrebufferTime: 1000
TimeOffset: -75
Volume: 0.5
Difficulty:
- Overall: 47
  Chordjack: 34.06679763793945
  Handstream: 37.37699890136719
  Jack: 26.2826940536499
  Jumpstream: 42.96329612731934
  Stamina: 43.49446449279785
  Stream: 46.34189414978027
  Technical: 45.72179832458496
  Rate: 100
