Artist: schmutz06
AssetId: rbxassetid://10698300879
CoverImageAssetId: ''
Description: ''
Filename: Pacman Wizard (LIGHT)
HitSFXGroup: 0
MD5Hash: efa31f76b9e0d4c144cebad477c7dbf6
NotePrebufferTime: 1000
TimeOffset: -1880
Volume: 0.5
Difficulty:
- Overall: 13
  Chordjack: 11.156400775909423
  Handstream: 10.775701332092286
  Jack: 11.441699409484864
  Jumpstream: 15.72659912109375
  Stamina: 18.491442489624024
  Stream: 20.412896347045898
  Technical: 21.384896278381348
  Rate: 100
