Artist: Yuyoyuppe
AssetId: rbxassetid://10017691374
CoverImageAssetId: ''
Description: ''
Filename: Palette GAMMA
HitSFXGroup: 0
Mapper: ATTang
MD5Hash: f873697ea6d3ea324491c0a89c120a21
NotePrebufferTime: 1000
TimeOffset: -60
Volume: 0.5w
Difficulty:
- Overall: 62
  Chordjack: 42.75450096130371
  Handstream: 51.055197143554686
  Jack: 41.053501510620116
  Jumpstream: 54.552598571777345
  Stamina: 51.78486099243164
  Stream: 53.866794204711915
  Technical: 56.63429832458496
  Rate: 100
