Artist: Jun Kuroda + AAAA
AssetId: rbxassetid://10080197385
CoverImageAssetId: ''
Description: ''
Filename: Ultimate Fate (EXTRA)
HitSFXGroup: 0
MD5Hash: 64f991e14fba5933a28f945c241da0e6
NotePrebufferTime: 1000
TimeOffset: -1035
Volume: 0.5
Difficulty:
- Overall: 35
  Chordjack: 25.805695152282716
  Handstream: 36.21599464416504
  Jack: 20.825999450683593
  Jumpstream: 35.94509925842285
  Stamina: 34.545660781860356
  Stream: 34.10549697875977
  Technical: 35.49149436950684
  Rate: 100
