Artist: Camellia
AssetId: rbxassetid://9512653621
CoverImageAssetId: rbxassetid://8356758752
Description: ''
Filename: This Future (we didn't expect)
HitSFXGroup: 0
Mapper: A_scend
MD5Hash: b6193f9694cc44a48a222d3496010284
NotePrebufferTime: 1000
TimeOffset: -75
Volume: 0.5
Difficulty:
- Overall: 46
  Chordjack: 31.352402114868166
  Handstream: 41.47199821472168
  Jack: 23.494497871398927
  Jumpstream: 43.175699615478514
  Stamina: 41.74972915649414
  Stream: 44.445595550537114
  Technical: 44.45459747314453
  Rate: 100
