Artist: Morimori Atsushi
AssetId: rbxassetid://10017959126
CoverImageAssetId: rbxassetid://8359852470
Description: ''
Filename: Paradigm Shift
HitSFXGroup: 0
Mapper: Hydria
MD5Hash: 08d4b711acaccd363b47432406023854
NotePrebufferTime: 1000
TimeOffset: -70
Volume: 0.5
Difficulty:
- Overall: 53
  Chordjack: 52.761597061157225
  Handstream: 34.66079750061035
  Jack: 35.006396484375
  Jumpstream: 38.26259651184082
  Stamina: 50.10961418151856
  Stream: 32.62319755554199
  Technical: 37.836896896362305
  Rate: 100
