Artist: Various Artists
AssetId: rbxassetid://6888613394
CoverImageAssetId: ''
Description: ''
Filename: LTD Pack Onyx Veil
HitSFXGroup: 0
Mapper: LTD
MD5Hash: b7afe02f4a002a369a53febf9c2d8066
NotePrebufferTime: 1000
TimeOffset: -75
Volume: 0.5
Difficulty:
- Overall: 66
  Chordjack: 61.915505218505864
  Handstream: 36.374396896362306
  Jack: 37.27709884643555
  Jumpstream: 40.922997665405276
  Stamina: 61.853590393066405
  Stream: 33.84629859924316
  Technical: 39.46589469909668
  Rate: 100
