Artist: Kuroneko dungeon
AssetId: rbxassetid://10698215838
CoverImageAssetId: ''
Description: ''
Filename: Dragon and Girl and Decoherence (EXTRA)
HitSFXGroup: 0
MD5Hash: 218bc0cbcaaf321138d935720658f641
NotePrebufferTime: 1000
TimeOffset: -70
Volume: 0.5
Difficulty:
- Overall: 26
  Chordjack: 19.734296607971192
  Handstream: 19.978196525573733
  Jack: 16.313399505615234
  Jumpstream: 34.14509582519531
  Stamina: 32.057188796997075
  Stream: 32.05530052185059
  Technical: 31.172401428222656
  Rate: 100
