Artist: cYsmix
AssetId: rbxassetid://13873152536
CoverImageAssetId: ''
Description: ''
Filename: Peer Gynt (LIGHT)
HitSFXGroup: 0
Mapper: Destroyer5796
MD5Hash: 81a8744f6e8b157a558f1ed344cf65d8
NotePrebufferTime: 1000
TimeOffset: -75
Volume: 0.5
Difficulty:
- Overall: 9
  Chordjack: 5.6492999553680425
  Handstream: 6.992099618911744
  Jack: 6.257700061798096
  Jumpstream: 10.031400775909423
  Stamina: 9.064394474029541
  Stream: 10.750499725341797
  Technical: 11.642399883270263
  Rate: 100
