Artist: Qrispy Joybox feat.Chata
AssetId: rbxassetid://10719167134
CoverImageAssetId: ''
Description: ''
Filename: Yuuki no Pendant (HEAVY)
HitSFXGroup: 0
MD5Hash: 7bdba3008ea1974237b1260637b16077
NotePrebufferTime: 1000
TimeOffset: -90
Volume: 0.5
Difficulty:
- Overall: 14
  Chordjack: 13.910400295257569
  Handstream: 17.05139751434326
  Jack: 13.439699649810791
  Jumpstream: 21.272396278381347
  Stamina: 19.355675125122072
  Stream: 16.056899642944337
  Technical: 21.35159568786621
  Rate: 100
