Artist: Camellia
AssetId: rbxassetid://10737385477
CoverImageAssetId: ''
Description: ''
Filename: Syzygia (LIGHT) (LN)
HitSFXGroup: 0
Mapper: eZmmR
MD5Hash: fca3e60c48bb3a3b5ef574b7965aceb4
NotePrebufferTime: 1000
TimeOffset: -75
Volume: 0.5
Difficulty:
- Overall: 0
  Chordjack: 23.931997299194336
  Handstream: 26.860998153686523
  Jack: 16.973003387451172
  Jumpstream: 25.443496704101562
  Stamina: 27.081052780151367
  Stream: 25.957998275756836
  Technical: 27.847496032714844
  Rate: 100
