Artist: laura les
AssetId: rbxassetid://0
CoverImageAssetId: ''
Description: ''
Filename: Haunted (dive to the heart remix) (EXTRA II) (NO AUDIO)
HitSFXGroup: 0
Mapper: Monheim
MD5Hash: f8305c3518e91abbca2a57e25f8bb734
NotePrebufferTime: 1000
TimeOffset: -75
Volume: 0.5
Difficulty:
- Overall: 36
  Chordjack: 34.50149574279785
  Handstream: 22.343395042419434
  Jack: 31.118400192260744
  Jumpstream: 35.53560104370117
  Stamina: 34.3537296295166
  Stream: 32.1408016204834
  Technical: 36.100799560546875
  Rate: 100
