Artist: Akatsuki Records
AssetId: rbxassetid://13872689911
CoverImageAssetId: ''
Description: ''
Filename: Bloody Devotion
HitSFXGroup: 0
Mapper: '[Crz]Alleyne'
MD5Hash: 53bacff16ba90f2d1e1858de58ce7b4f
NotePrebufferTime: 1000
TimeOffset: -75
Volume: 0.5
Difficulty:
- Overall: 57
  Chordjack: 57.676492309570314
  Handstream: 42.72839813232422
  Jack: 32.58359870910645
  Jumpstream: 42.89489936828613
  Stamina: 57.618820953369145
  Stream: 32.33970222473145
  Technical: 37.27079887390137
  Rate: 100
