Artist: SKAN
AssetId: rbxassetid://10017704864
CoverImageAssetId: rbxassetid://8357093746
Description: ''
Filename: Give It To Dem (feat. Highdiwaan & Drama B)
HitSFXGroup: 0
Mapper: LTD
MD5Hash: 51d1c57b1a20866ddba281c2df45ffbe
NotePrebufferTime: 1000
TimeOffset: -70
Volume: 0.5
Difficulty:
- Overall: 64
  Chordjack: 59.76990280151367
  Handstream: 37.5101978302002
  Jack: 37.432795715332034
  Jumpstream: 39.57659912109375
  Stamina: 58.381690979003906
  Stream: 31.611600494384767
  Technical: 36.62099533081055
  Rate: 100
