Artist: Hypernite Industries
AssetId: rbxassetid://10036612155
CoverImageAssetId: ''
Description: ''
Filename: Speedcore 300 (LIGHT)
HitSFXGroup: 0
Mapper: nowsmart
MD5Hash: 414124793a0f859fef11b0cab6f6706b
NotePrebufferTime: 1000
TimeOffset: -165
Volume: 0.5
Difficulty:
- Overall: 22
  Chordjack: 15.629399299621582
  Handstream: 15.884999656677246
  Jack: 12.621601009368897
  Jumpstream: 24.646495056152343
  Stamina: 23.63409290313721
  Stream: 21.630595207214355
  Technical: 23.62049732208252
  Rate: 100
