Artist: Helblinde
AssetId: rbxassetid://10049438141
CoverImageAssetId: ''
Description: ''
Filename: Holding out for a Hero
HitSFXGroup: 0
Mapper: NikoSek
MD5Hash: 8d0f6c69bc10cf4ec976b9e1c15b0977
NotePrebufferTime: 1000
TimeOffset: -75
Volume: 0.5
Difficulty:
- Overall: 40
  Chordjack: 26.590494918823243
  Handstream: 25.259393119812014
  Jack: 23.286595344543457
  Jumpstream: 39.896998214721684
  Stamina: 39.313143539428715
  Stream: 33.9308967590332
  Technical: 33.330600357055665
  Rate: 100
