Artist: Spire
AssetId: rbxassetid://76773402252880
CoverImageAssetId: ''
Description: ''
Filename: Malignant Tumor
HitSFXGroup: 0
Mapper: rinstea
MD5Hash: bb851f95b8abcb8ce4e5786c682c6c31
NotePrebufferTime: 1000
TimeOffset: -70
Volume: 0.5
Difficulty:
- Overall: 50
  Chordjack: 39.45149574279785
  Handstream: 40.747497940063475
  Jack: 34.016397857666014
  Jumpstream: 46.20779914855957
  Stamina: 45.160290527343754
  Stream: 44.84160118103028
  Technical: 49.88879585266113
  Rate: 100
