Artist: TJ.Hangneil
AssetId: rbxassetid://10064753692
CoverImageAssetId: ''
Description: ''
Filename: Kamui (EXTRA)
HitSFXGroup: 0
Mapper: 'xxbidiao'
MD5Hash: 784f241b06310d89bc6a7f0608e276f8
NotePrebufferTime: 1000
TimeOffset: -150
Volume: 0.5
Difficulty:
- Overall: 40
  Chordjack: 22.803296470642092
  Handstream: 23.894995880126952
  Jack: 28.30950164794922
  Jumpstream: 38.36700096130371
  Stamina: 35.92193183898926
  Stream: 36.47699890136719
  Technical: 36.350999450683595
  Rate: 100
