Artist: BLANKFIELD
AssetId: rbxassetid://1720486224
CoverImageAssetId: ''
Description: ''
Filename: Goodbye (HEAVY)
HitSFXGroup: 0
Mapper: MasSpartan & Doggy2girl
MD5Hash: 374b6901751d2bf2071f7251c62718d1
NotePrebufferTime: 1000
TimeOffset: -70
Volume: 0.5
Difficulty:
- Overall: 41
  Chordjack: 30.24990005493164
  Handstream: 28.422894287109376
  Jack: 23.494497871398927
  Jumpstream: 41.645698928833006
  Stamina: 39.10544357299805
  Stream: 37.48409843444824
  Technical: 39.334498214721684
  Rate: 100
