Artist: Yuyoyuppe
AssetId: rbxassetid://10719204910
CoverImageAssetId: ''
Description: ''
Filename: Eternity (LIGHT)
HitSFXGroup: 0
MD5Hash: 2bdda4e7a6b06b3ad293e91e8aca1e6a
NotePrebufferTime: 1000
TimeOffset: 0
Volume: 0.5
Difficulty:
- Overall: 2
  Chordjack: 4.697100734710694
  Handstream: 4.87620062828064
  Jack: 3.017701005935669
  Jumpstream: 8.856000137329103
  Stamina: 7.970024871826172
  Stream: 8.086500549316407
  Technical: 7.822801208496094
  Rate: 100
