Artist: Chroma
AssetId: rbxassetid://10080264309
CoverImageAssetId: ''
Description: ''
Filename: Hoshi ga Furanai Machi
HitSFXGroup: 0
Mapper: LeiN- & Fullerene-
MD5Hash: 32da409b5bb74fd08ff48f67942523ed
NotePrebufferTime: 1000
TimeOffset: -75
Volume: 0.5
Difficulty:
- Overall: 37
  Chordjack: 24.123595619201662
  Handstream: 26.585094451904297
  Jack: 21.812394905090333
  Jumpstream: 36.23759307861328
  Stamina: 36.201358795166016
  Stream: 31.7906982421875
  Technical: 32.89860076904297
  Rate: 100
