Artist: MisoilePunch
AssetId: rbxassetid://10049477782
CoverImageAssetId: ''
Description: ''
Filename: Staring at star (EXTRA)
HitSFXGroup: 0
Mapper: NikoSek
MD5Hash: f27adbffbe056ec2c3e667d06ec4eafb
NotePrebufferTime: 1000
TimeOffset: 0
Volume: 0.5
Difficulty:
- Overall: 42
  Chordjack: 40.1318962097168
  Handstream: 36.71549491882325
  Jack: 28.129500961303712
  Jumpstream: 44.00999794006348
  Stamina: 42.424526596069335
  Stream: 30.049203872680664
  Technical: 38.577598571777344
  Rate: 100
