Artist: t+pazolite
AssetId: rbxassetid://10718729415
CoverImageAssetId: rbxassetid://6572885828
Description: Mapped by Lirai
Filename: Contrapasso -inferno-
HitSFXGroup: 0
Mapper: Lirai
MD5Hash: 37f3d8791b119fc9bdc79e2fa0cc841d
NotePrebufferTime: 800
TimeOffset: -55
Volume: 0.5
Difficulty:
- Overall: 10
  Chordjack: 6.701400089263916
  Handstream: 6.299100065231324
  Jack: 4.8321003913879395
  Jumpstream: 9.161100769042969
  Stamina: 10.838295936584473
  Stream: 11.830500411987305
  Technical: 11.61090087890625
  Rate: 100
