Artist: Camellia
AssetId: rbxassetid://10049574374
CoverImageAssetId: ''
Description: ''
Filename: d:for the DELTA (Camellia's "PLANETARY//DUBSTEP" Remix)
HitSFXGroup: 0
Mapper: Dergo
MD5Hash: b4362bd75b212e0a8d9ed0129b746f5e
NotePrebufferTime: 1000
TimeOffset: -155
Volume: 0.5
Difficulty:
- Overall: 33
  Chordjack: 27.23939380645752
  Handstream: 28.25819206237793
  Jack: 25.438501167297364
  Jumpstream: 33.941697692871095
  Stamina: 32.78689727783203
  Stream: 32.20109939575195
  Technical: 34.89209747314453
  Rate: 100
