Artist: Stellabee
AssetId: rbxassetid://1856198546
CoverImageAssetId: ''
Description: ''
Filename: caramelldansen remix (breakcore) (HEAVY)
HitSFXGroup: 0
MD5Hash: 4364e65fd04d07259d2996cc8b7422b5
NotePrebufferTime: 1000
TimeOffset: -70
Volume: 0.5
Difficulty:
- Overall: 29
  Chordjack: 26.009095001220704
  Handstream: 28.1141939163208
  Jack: 20.902498626708987
  Jumpstream: 32.744696044921874
  Stamina: 29.208454513549807
  Stream: 27.254695701599122
  Technical: 33.258602142333984
  Rate: 100
