Artist: Envy
AssetId: rbxassetid://13155779072
CoverImageAssetId: ''
Description: ''
Filename: Do It To It
HitSFXGroup: 0
Mapper: Ena
MD5Hash: 43e31a908ede226aedc6dbf8c09ab7f2
NotePrebufferTime: 1000
TimeOffset: -75
Volume: 0.5
Difficulty:
- Overall: 66
  Chordjack: 64.89450302124024
  Handstream: 38.74499931335449
  Jack: 39.884398269653325
  Jumpstream: 39.02399711608887
  Stamina: 64.82960815429688
  Stream: 33.14250068664551
  Technical: 38.82239456176758
  Rate: 100
