Artist: Davay
AssetId: rbxassetid://10024370941
CoverImageAssetId: ''
Description: ''
Filename: TRI POLOSKI
HitSFXGroup: 0
Mapper: Jole
MD5Hash: 2076a9f2af70d4d7b94f161961227941
NotePrebufferTime: 1000
TimeOffset: -70
Volume: 0.5
Difficulty:
- Overall: 47
  Chordjack: 30.933002471923828
  Handstream: 28.407594108581545
  Jack: 26.65349636077881
  Jumpstream: 29.879101181030276
  Stamina: 48.01006851196289
  Stream: 51.707695770263676
  Technical: 49.0841983795166
  Rate: 100
