Artist: Risk Junk
AssetId: rbxassetid://13867465974
CoverImageAssetId: ''
Description: ''
Filename: Tropical April
HitSFXGroup: 0
Mapper: Ska
MD5Hash: 715446150cd615ba0c024007404e786f
NotePrebufferTime: 1000
TimeOffset: -75
Volume: 0.5
Difficulty:
- Overall: 52
  Chordjack: 34.32509651184082
  Handstream: 28.65059452056885
  Jack: 28.18259925842285
  Jumpstream: 48.76649436950684
  Stamina: 47.28222427368164
  Stream: 50.750999450683594
  Technical: 48.08429489135742
  Rate: 100
