Artist: Denpagumi.inc
AssetId: rbxassetid://13876346583
CoverImageAssetId: ''
Description: ''
Filename: Back! to the Future
HitSFXGroup: 0
Mapper: Luin
MD5Hash: 7c10448036adcce1d8326d204f24fa25
NotePrebufferTime: 1000
TimeOffset: -75
Volume: 0.5
Difficulty:
- Overall: 48
  Chordjack: 38.6846981048584
  Handstream: 52.48349189758301
  Jack: 30.333598709106447
  Jumpstream: 46.781096649169925
  Stamina: 51.341003036499025
  Stream: 39.9060001373291
  Technical: 44.96309280395508
  Rate: 100
