Artist: a_hisa
AssetId: rbxassetid://13872472748
CoverImageAssetId: ''
Description: ''
Filename: Fanatiker der Liebe
HitSFXGroup: 0
Mapper: '[Crz]Rachel'
MD5Hash: 9036f5a4251da71dc81b3175bc2563d8
NotePrebufferTime: 1000
TimeOffset: -75
Volume: 0.5
Difficulty:
- Overall: 63.67627029418946
  Chordjack: 63.64438934326172
  Handstream: 40.2155948638916
  Jack: 37.49219741821289
  Jumpstream: 40.404597473144534
  Stamina: 60.69079742431641
  Stream: 32.791497802734376
  Technical: 38.82239799499512
  Rate: 100
