Artist: Sound Souler
AssetId: rbxassetid://6883874973
CoverImageAssetId: ''
Description: ''
Filename: Aqua Stars
HitSFXGroup: 0
Mapper: Xnery
MD5Hash: 7fe9567b8de8b1fd94a19d32a53cdbed
NotePrebufferTime: 1000
TimeOffset: -75
Volume: 0.5
Difficulty:
- Overall: 32
  Chordjack: 28.186193847656252
  Handstream: 28.41299285888672
  Jack: 20.220297431945802
  Jumpstream: 33.257699203491214
  Stamina: 30.522179031372072
  Stream: 25.73009548187256
  Technical: 29.4093017578125
  Rate: 100
