Artist: Silentroom
AssetId: rbxassetid://10049380366
CoverImageAssetId: ''
Description: ''
Filename: Finixe (LN)
HitSFXGroup: 0
Mapper: Shuniki
MD5Hash: 86faf7279413ed2c5277bf507907a250
NotePrebufferTime: 1000
TimeOffset: -120
Volume: 0.5
Difficulty:
- Overall: 0
  Chordjack: 32.041801071166994
  Handstream: 46.41660118103027
  Jack: 27.43740177154541
  Jumpstream: 44.83349533081055
  Stamina: 43.04667549133301
  Stream: 37.49940032958985
  Technical: 41.089498901367186
  Rate: 100
