Artist: Dancing Cats
AssetId: rbxassetid://0
CoverImageAssetId: ''
Description: ''
Filename: Go Kitty Go! (NO AUDIO)
HitSFXGroup: 0
Mapper: Sylcilus & A_scend
MD5Hash: 718fa5f2702711d2e287b310c84c0748
NotePrebufferTime: 1000
TimeOffset: -75
Volume: 0.5
Difficulty:
- Overall: 46
  Chordjack: 49.64489936828613
  Handstream: 29.72340431213379
  Jack: 28.41930141448975
  Jumpstream: 31.199403762817383
  Stamina: 42.47940673828125
  Stream: 26.919895935058594
  Technical: 31.05180244445801
  Rate: 100
