Artist: Imil & Sunhiausa
AssetId: rbxassetid://10080022797
CoverImageAssetId: ''
Description: ''
Filename: Our Generation (LIGHT)
HitSFXGroup: 0
MD5Hash: 7abf6b535ace84361822ce28823c89c8
NotePrebufferTime: 1000
TimeOffset: -70
Volume: 0.5
Difficulty:
- Overall: 34
  Chordjack: 30.44880065917969
  Handstream: 23.555695152282716
  Jack: 17.541899299621583
  Jumpstream: 31.638602828979494
  Stamina: 30.76299934387207
  Stream: 23.900394630432128
  Technical: 30.894299697875976
  Rate: 100
