Artist: Minase Inori, Kubo Yurika
AssetId: rbxassetid://9512733410
CoverImageAssetId: ''
Description: ''
Filename: Ugoku, Ugoku (LIGHT)
HitSFXGroup: 0
MD5Hash: a0ca16072119cea40f4cb63cf9743f82
NotePrebufferTime: 1000
TimeOffset: -70
Volume: 0.5
Difficulty:
- Overall: 12
  Chordjack: 10.269901084899903
  Handstream: 13.052700233459474
  Jack: 10.635299491882325
  Jumpstream: 18.569697761535647
  Stamina: 16.072326850891113
  Stream: 16.83809795379639
  Technical: 18.85769748687744
  Rate: 100
