Artist: UNDEAD CORPORATION
AssetId: rbxassetid://10017872603
CoverImageAssetId: rbxassetid://8359775903
Description: ''
Filename: The Empress
HitSFXGroup: 0
Mapper: _underjoy
MD5Hash: 53101c75274ca276509bb3d0b2e54e44
NotePrebufferTime: 1000
TimeOffset: -70
Volume: 0.5
Difficulty:
- Overall: 57
  Chordjack: 40.746598434448245
  Handstream: 53.25119247436523
  Jack: 36.4535945892334
  Jumpstream: 54.306892776489256
  Stamina: 54.25258941650391
  Stream: 43.45829544067383
  Technical: 48.25169563293457
  Rate: 100
