Artist: UNDEAD CORPORATION
AssetId: rbxassetid://10024683187
CoverImageAssetId: ''
Description: ''
Filename: The Empress scream off ver (HEAVY)
HitSFXGroup: 0
Mapper: TheZiemniax
MD5Hash: 28f8bc478c02c7d9a03ffea703cc4fb0
NotePrebufferTime: 1000
TimeOffset: -70
Volume: 0.5
Difficulty:
- Overall: 39
  Chordjack: 25.066794204711915
  Handstream: 22.93019542694092
  Jack: 28.160099601745607
  Jumpstream: 27.04409465789795
  Stamina: 40.2136344909668
  Stream: 42.1883960723877
  Technical: 39.68639717102051
  Rate: 100
