Artist: Kobaryo
AssetId: rbxassetid://10698476239
CoverImageAssetId: ''
Description: ''
Filename: Pure Evil (LIGHT)
HitSFXGroup: 0
MD5Hash: 320ca0d279f4d1630328ba156b6ecc6a
NotePrebufferTime: 1000
TimeOffset: -800
Volume: 0.5
Difficulty:
- Overall: 24
  Chordjack: 20.401197624206542
  Handstream: 17.132397651672363
  Jack: 18.135899162292482
  Jumpstream: 27.422994232177736
  Stamina: 26.727666091918945
  Stream: 29.682902526855468
  Technical: 29.953801345825195
  Rate: 100
