Artist: Kotori
AssetId: rbxassetid://4485501404
CoverImageAssetId: ''
Description: ''
Filename: Nanamori (youth Remix) (HEAVY)
HitSFXGroup: 0
MD5Hash: fc5e6def64310c5d983118d01cd46b41
NotePrebufferTime: 1000
TimeOffset: 510
Volume: 0.5
Difficulty:
- Overall: 23
  Chordjack: 24.283795166015626
  Handstream: 26.563496017456057
  Jack: 22.787096786499024
  Jumpstream: 29.169902801513672
  Stamina: 28.149714088439943
  Stream: 24.3521936416626
  Technical: 29.592903900146485
  Rate: 100
