Artist: rei sirose
AssetId: rbxassetid://13867573030
CoverImageAssetId: ''
Description: ''
Filename: Lost Umbrella (Cut Ver.)(HEAVY)
HitSFXGroup: 0
Mapper: Monheim
MD5Hash: ab87eefd2535f0872905a8a9e5d60530
NotePrebufferTime: 1000
TimeOffset: -75
Volume: 0.5
Difficulty:
- Overall: 14
  Chordjack: 9.563400363922119
  Handstream: 9.430201435089112
  Jack: 9.89370002746582
  Jumpstream: 15.715799903869629
  Stamina: 15.536176872253419
  Stream: 17.576097679138183
  Technical: 17.96849842071533
  Rate: 100
