Artist: DJ CHUCKY
AssetId: rbxassetid://13155541640
CoverImageAssetId: ''
Description: ''
Filename: Abyss Of The Darkness (Cut Ver.)
HitSFXGroup: 0
Mapper: AutotelicBrown
MD5Hash: 2eb08b77d2bba9caab958516747c7d67
NotePrebufferTime: 1000
TimeOffset: -75
Volume: 0.5
Difficulty:
- Overall: 29
  Chordjack: 18.7577974319458
  Handstream: 18.07829647064209
  Jack: 14.382003021240235
  Jumpstream: 32.55300178527832
  Stamina: 32.450533676147465
  Stream: 29.3939998626709
  Technical: 27.654294204711913
  Rate: 100
