Artist: UNDEAD CORPORATION
AssetId: rbxassetid://10024683187
CoverImageAssetId: ''
Description: ''
Filename: The Empress scream off ver (LIGHT)
HitSFXGroup: 0
Mapper: TheZiemniax
MD5Hash: 57a46abc9ae83c076099e9401d3ffbb0
NotePrebufferTime: 1000
TimeOffset: -70
Volume: 0.5
Difficulty:
- Overall: 27
  Chordjack: 20.097897720336913
  Handstream: 23.761795234680175
  Jack: 19.429199409484863
  Jumpstream: 31.583702087402344
  Stamina: 30.042471313476565
  Stream: 31.851002883911132
  Technical: 31.473900604248048
  Rate: 100
