Artist: Au.Ra
AssetId: rbxassetid://6279865446
CoverImageAssetId: ''
Description: ''
Filename: Space Walker
HitSFXGroup: 0
Mapper: YunoMaya
MD5Hash: 781af46664d2c58f67e0f723aa409148
NotePrebufferTime: 1000
TimeOffset: -75
Volume: 0.5
Difficulty:
- Overall: 27
  Chordjack: 19.788296127319338
  Handstream: 30.71070098876953
  Jack: 16.15679798126221
  Jumpstream: 32.25869865417481
  Stamina: 30.699415969848634
  Stream: 23.124595069885256
  Technical: 27.76319446563721
  Rate: 100
