Artist: TrioStaR x Lilyca*
AssetId: rbxassetid://13109605564
CoverImageAssetId: ''
Description: ''
Filename: Floating Garden
HitSFXGroup: 0
Mapper: TomisNotGood
MD5Hash: 487fde4861054ff13b5687860e0a3aa6
NotePrebufferTime: 1000
TimeOffset: -75
Volume: 0.5
Difficulty:
- Overall: 46
  Chordjack: 50.20829544067383
  Handstream: 34.112696456909184
  Jack: 33.421498489379886
  Jumpstream: 35.36099739074707
  Stamina: 46.191796875
  Stream: 29.199603652954103
  Technical: 35.08919906616211
  Rate: 100
