Artist: uma
AssetId: rbxassetid://10698358055
CoverImageAssetId: ''
Description: ''
Filename: Masaka IN Nightmare! (HEAVY)
HitSFXGroup: 0
MD5Hash: 3542ecf9127d4549af301cb462d2f7da
NotePrebufferTime: 1000
TimeOffset: -70
Volume: 0.5
Difficulty:
- Overall: 22
  Chordjack: 19.144795989990236
  Handstream: 24.57989559173584
  Jack: 16.236900329589844
  Jumpstream: 31.029301071166994
  Stamina: 28.0427038192749
  Stream: 30.410101318359377
  Technical: 30.71700096130371
  Rate: 100
