Artist: MisoilePunch
AssetId: rbxassetid://10049477782
CoverImageAssetId: ''
Description: ''
Filename: Staring at star (HEAVY)
HitSFXGroup: 0
Mapper: NikoSek
MD5Hash: f15369ddd1f8db28dab0b450a9c023c3
NotePrebufferTime: 1000
TimeOffset: 0
Volume: 0.5
Difficulty:
- Overall: 35
  Chordjack: 31.297497940063476
  Handstream: 33.06869659423828
  Jack: 21.450597953796386
  Jumpstream: 39.46770057678223
  Stamina: 37.12571067810059
  Stream: 32.68439826965332
  Technical: 35.76240005493164
  Rate: 100
