Artist: KawaiSprite
AssetId: rbxassetid://10719163070
CoverImageAssetId: ''
Description: ''
Filename: Thorns (Instrumental)
HitSFXGroup: 0
Mapper: ult
MD5Hash: 94e4bac0296b3e93ec5eeddd20fe909c
NotePrebufferTime: 1000
TimeOffset: -75
Volume: 0.5
Difficulty:
- Overall: 22
  Chordjack: 14.658302307128906
  Handstream: 21.644995880126952
  Jack: 14.102099704742432
  Jumpstream: 22.638594245910646
  Stamina: 21.873978424072266
  Stream: 21.272396278381347
  Technical: 22.18499622344971
  Rate: 100
