Artist: Gore****
AssetId: rbxassetid://10693820517
CoverImageAssetId: ''
Description: ''
Filename: Toromi Hearts 2
HitSFXGroup: 0
Mapper: Leo137
MD5Hash: a38bd22e30a5609787bd7a2cb6b0119e
NotePrebufferTime: 1000
TimeOffset: -75
Volume: 0.5
Difficulty:
- Overall: 42
  Chordjack: 30.147301483154298
  Handstream: 27.486893463134766
  Jack: 23.80499725341797
  Jumpstream: 43.70489730834961
  Stamina: 43.59862174987793
  Stream: 39.27509307861328
  Technical: 39.66119728088379
  Rate: 100
