Artist: U.T.D & Friends
AssetId: rbxassetid://10719204224
CoverImageAssetId: ''
Description: ''
Filename: Lesson By DJ (LIGHT)
HitSFXGroup: 0
MD5Hash: b5495a6f96f1048468cdbe52d7cd923b
NotePrebufferTime: 1000
TimeOffset: -70
Volume: 0.5
Difficulty:
- Overall: 1
  Chordjack: 3.4803009510040286
  Handstream: 4.074300384521485
  Jack: 4.31370062828064
  Jumpstream: 4.395600700378418
  Stamina: 5.335197401046753
  Stream: 6.6627003192901615
  Technical: 6.128100013732911
  Rate: 100
