Artist: Onett
AssetId: rbxassetid://10049006789
CoverImageAssetId: ''
Description: ''
Filename: Stick Bug
HitSFXGroup: 0
Mapper: thenerdkid351yt
MD5Hash: 2d379e12ca759cfbd50667864d8ac6b0
NotePrebufferTime: 1000
TimeOffset: -70
Volume: 0.5
Difficulty:
- Overall: 53
  Chordjack: 53.10809555053711
  Handstream: 30.420902252197266
  Jack: 32.98499794006348
  Jumpstream: 32.97509994506836
  Stamina: 51.28330421447754
  Stream: 27.826194190979006
  Technical: 31.67370071411133
  Rate: 100
