Artist: Rahatt
AssetId: rbxassetid://13646515496
CoverImageAssetId: ''
Description: ''
Filename: Matusa Bomber
HitSFXGroup: 0
Mapper: Ska
MD5Hash: 25fe61b86295472fc0dccbeb2610dec4
NotePrebufferTime: 1000
TimeOffset: -75
Volume: 0.5
Difficulty:
- Overall: 47
  Chordjack: 38.48039703369141
  Handstream: 48.029397583007814
  Jack: 27.382501029968264
  Jumpstream: 46.22759857177734
  Stamina: 48.91702079772949
  Stream: 49.16069412231445
  Technical: 49.85369453430176
  Rate: 100
