Artist: Kotori
AssetId: rbxassetid://4485501404
CoverImageAssetId: ''
Description: ''
Filename: Nanamori (youth Remix) (EXTRA)
HitSFXGroup: 0
MD5Hash: 1d0d0be8322fa3273ddca867956218e1
NotePrebufferTime: 1000
TimeOffset: 510
Volume: 0.5
Difficulty:
- Overall: 36
  Chordjack: 31.824000549316406
  Handstream: 27.543593215942384
  Jack: 20.902498626708987
  Jumpstream: 31.73309898376465
  Stamina: 29.95247611999512
  Stream: 26.189995193481447
  Technical: 31.3875
  Rate: 100
