Artist: Fazlija
AssetId: rbxassetid://10727742966
CoverImageAssetId: ''
Description: ''
Filename: Helikopter (Cut Ver.)
HitSFXGroup: 0
Mapper: PianoLuigi
MD5Hash: f2123e380adbde8d5ba60ba3cd774239
NotePrebufferTime: 1000
TimeOffset: 25
Volume: 0.5
Difficulty:
- Overall: 46
  Chordjack: 29.92320442199707
  Handstream: 27.026094245910645
  Jack: 27.43019371032715
  Jumpstream: 43.3628963470459
  Stamina: 45.77347183227539
  Stream: 48.60989456176758
  Technical: 45.52740211486817
  Rate: 100
