Artist: Inori Minase
AssetId: rbxassetid://13867344865
CoverImageAssetId: ''
Description: ''
Filename: Aimaimoko
HitSFXGroup: 0
Mapper: Ska
MD5Hash: 9e261713cadc232cb67da813ad292ac2
NotePrebufferTime: 1000
TimeOffset: -75
Volume: 0.5
Difficulty:
- Overall: 46
  Chordjack: 36.221398544311526
  Handstream: 41.27669563293457
  Jack: 25.905596923828124
  Jumpstream: 44.08289566040039
  Stamina: 45.1132381439209
  Stream: 42.049800109863284
  Technical: 45.15839538574219
  Rate: 100
