Artist: Sakuzyo
AssetId: rbxassetid://10694163201
CoverImageAssetId: ''
Description: ''
Filename: Imprinting
HitSFXGroup: 0
MD5Hash: d8498c8611e8aa135db204ec541fcbc3
NotePrebufferTime: 960
TimeOffset: -50
Volume: 0.5
Difficulty:
- Overall: 22
  Chordjack: 15.388201332092285
  Handstream: 17.338497734069826
  Jack: 18.180898475646973
  Jumpstream: 23.87249622344971
  Stamina: 22.748134803771972
  Stream: 23.96609630584717
  Technical: 25.42499656677246
  Rate: 100
