Artist: succducc
AssetId: rbxassetid://1410676257
CoverImageAssetId: ''
Description: ''
Filename: me & u (EXTRA)
HitSFXGroup: 0
Mapper: 'gemboyong'
MD5Hash: e700c4b9bcbdf2ce0e3986f03f12710f
NotePrebufferTime: 1000
TimeOffset: -70
Volume: 0.5
Difficulty:
- Overall: 37
  Chordjack: 27.73439311981201
  Handstream: 29.75490417480469
  Jack: 21.013197898864746
  Jumpstream: 35.60669631958008
  Stamina: 34.85038719177246
  Stream: 32.943596649169926
  Technical: 34.45829544067383
  Rate: 100
