Artist: Vickeblanka
AssetId: rbxassetid://10023943575
CoverImageAssetId: rbxassetid://8359884137
Description: ''
Filename: Black Rover (LN)
HitSFXGroup: 0
MD5Hash: 3a2b181994aa98301937d30077e82ce7
NotePrebufferTime: 1000
TimeOffset: -70
Volume: 0.5
Difficulty:
- Overall: 0
  Chordjack: 32.06969947814942
  Handstream: 31.301099395751955
  Jack: 23.07059726715088
  Jumpstream: 35.98740005493164
  Stamina: 30.673694229125978
  Stream: 29.31570167541504
  Technical: 35.372697830200195
  Rate: 100
