Artist: chicken
AssetId: rbxassetid://10813309434
CoverImageAssetId: ''
Description: ''
Filename: chicken beatbox (LIGHT)
HitSFXGroup: 0
Mapper: A_scend (LocalStore) as "LocalBarn"
MD5Hash: 24ffa210bbd59ec5c6488a11ef48b081
NotePrebufferTime: 1000
TimeOffset: -75
Volume: 0.5
Difficulty:
- Overall: 8
  Chordjack: 6.810146713256836
  Handstream: 10.834418106079102
  Jack: 7.5995049476623535
  Jumpstream: 11.958099746704102
  Stamina: 8.780836486816407
  Stream: 11.7470609664917
  Technical: 11.677286624908447
  Rate: 100
