Artist: TAG underground
AssetId: rbxassetid://10698492728
CoverImageAssetId: --FILL IN COVERART ASSETID HERE--
Description: ''
Filename: POSSESSION (LIGHT)
HitSFXGroup: 0
MD5Hash: 13f66c84d5b36041822e3f5e2f82b8a8
NotePrebufferTime: 950
TimeOffset: -75
Volume: 0.5
Difficulty:
- Overall: 20
  Chordjack: 16.854297637939453
  Handstream: 13.599900913238526
  Jack: 13.904101181030274
  Jumpstream: 23.267695426940918
  Stamina: 20.597126770019532
  Stream: 20.06279811859131
  Technical: 23.192996978759766
  Rate: 100
