Artist: Camellia
AssetId: rbxassetid://10065416358
CoverImageAssetId: ''
Description: ''
Filename: Light It Up
HitSFXGroup: 0
MD5Hash: d83bb38f15d86411c673ed89f62a1f81
NotePrebufferTime: 1000
TimeOffset: -70
Volume: 0.5
Difficulty:
- Overall: 27
  Chordjack: 19.38959541320801
  Handstream: 19.942195701599122
  Jack: 17.14409809112549
  Jumpstream: 29.74409637451172
  Stamina: 29.71435432434082
  Stream: 26.427595138549805
  Technical: 26.663394355773928
  Rate: 100
