Artist: MitchiriNeko + lordmarum
AssetId: rbxassetid://138194466858600
CoverImageAssetId: ''
Description: ''
Filename: Mitchiri Neko March (Chiptune Remix) (LIGHT)
HitSFXGroup: 0
MD5Hash: 9fef6a73fd702ab1a585bd7626d62215
NotePrebufferTime: 1000
TimeOffset: -70
Volume: 0.5
Difficulty:
- Overall: 10
  Chordjack: 6.642900037765503
  Handstream: 11.405700302124023
  Jack: 7.075799989700317
  Jumpstream: 11.052900123596192
  Stamina: 11.172241687774658
  Stream: 11.637000274658204
  Technical: 12.66120071411133
  Rate: 100
