Artist: Dormir
AssetId: rbxassetid://10719186421
CoverImageAssetId: ''
Description: ''
Filename: Une mage blanche (LIGHT)
HitSFXGroup: 0
MD5Hash: 7304c589c82fc891d51fa2414593736f
NotePrebufferTime: 1000
TimeOffset: -70
Volume: 0.5
Difficulty:
- Overall: 9
  Chordjack: 6.285600185394287
  Handstream: 6.83099970817566
  Jack: 6.668999862670899
  Jumpstream: 12.246300315856933
  Stamina: 10.948757457733155
  Stream: 10.724400329589844
  Technical: 12.48660135269165
  Rate: 100
