Artist: Ranzor
AssetId: rbxassetid://10049431405
CoverImageAssetId: ''
Description: ''
Filename: That Was Too Slow (EXTRA)
HitSFXGroup: 0
Mapper: Quick Draw
MD5Hash: f52b32713dd8bd7a26d7155b718aef7d
NotePrebufferTime: 1000
TimeOffset: -70
Volume: 0.5
Difficulty:
- Overall: 42
  Chordjack: 31.515298461914064
  Handstream: 30.762903213500977
  Jack: 28.603797912597656
  Jumpstream: 41.0138957977295
  Stamina: 39.84019889831543
  Stream: 38.07629585266113
  Technical: 40.32629928588867
  Rate: 100
