Artist: DJ Sharpnel
AssetId: rbxassetid://13158969087
CoverImageAssetId: ''
Description: ''
Filename: We Luv Lama (HEAVY)
HitSFXGroup: 0
MD5Hash: d5771a5e8df1076346b53828e7e4da17
NotePrebufferTime: 1000
TimeOffset: -70
Volume: 0.5
Difficulty:
- Overall: 40
  Chordjack: 30.58560104370117
  Handstream: 37.92509651184082
  Jack: 28.687493133544923
  Jumpstream: 47.851195907592775
  Stamina: 47.80334701538086
  Stream: 36.148493957519534
  Technical: 40.5836986541748
  Rate: 100
