Artist: MisoilePunch
AssetId: rbxassetid://10813532294
CoverImageAssetId: ''
Description: ''
Filename: MixxioN (HEAVY)
HitSFXGroup: 0
Mapper: NoobMan3332
MD5Hash: 1dc79cfd5967ad7f7ecb5d7aa1339859
NotePrebufferTime: 1000
TimeOffset: -75
Volume: 0.5
Difficulty:
- Overall: 52
  Chordjack: 40.04189758300782
  Handstream: 42.39089813232422
  Jack: 35.09189414978027
  Jumpstream: 52.19549217224121
  Stamina: 50.35150222778321
  Stream: 41.55839881896973
  Technical: 47.42369728088379
  Rate: 100
