Artist: Undead Corporation
AssetId: rbxassetid://10719047107
CoverImageAssetId: ''
Description: ''
Filename: Everything Will Freeze
HitSFXGroup: 0
Mapper: Lifill
MD5Hash: f5f08ba9f13c4de043056a9230aeb869
NotePrebufferTime: 1000
TimeOffset: -70
Volume: 0.5
Difficulty:
- Overall: 32
  Chordjack: 25.820095825195313
  Handstream: 23.69699649810791
  Jack: 25.179301071166993
  Jumpstream: 41.43420181274414
  Stamina: 40.182735443115234
  Stream: 39.108598709106445
  Technical: 38.100599670410155
  Rate: 100
