Artist: Camellia ft. Nanahira
AssetId: rbxassetid://7330224778
CoverImageAssetId: rbxassetid://8351796785
Description: ''
Filename: EDM Jumpers ({E+H}DM Reboot)
HitSFXGroup: 0
Mapper: A_scend
MD5Hash: c46488d784fb547e44d1ff1e84b3c7f1
NotePrebufferTime: 1000
TimeOffset: -75
Volume: 0.5
Difficulty:
- Overall: 46
  Chordjack: 47.72249794006348
  Handstream: 39.22649574279785
  Jack: 27.371701812744142
  Jumpstream: 38.78819618225098
  Stamina: 47.67477607727051
  Stream: 32.62050247192383
  Technical: 38.03309555053711
  Rate: 100
