Artist: Camellia
AssetId: rbxassetid://7078753094
CoverImageAssetId: ''
Description: ''
Filename: Electromagnetic Stealth Girl Born In Philadelphia
HitSFXGroup: 0
Mapper: GanyuTheHalfQilin
MD5Hash: ceb6f89ad5ceba4a356f92fef29422ce
NotePrebufferTime: 1000
TimeOffset: -75
Volume: 0.5
Difficulty:
- Overall: 33
  Chordjack: 23.355895042419434
  Handstream: 24.985794067382812
  Jack: 20.980796813964844
  Jumpstream: 33.75719947814942
  Stamina: 33.98058586120606
  Stream: 34.01459884643555
  Technical: 33.46829681396485
  Rate: 100
