Artist: DJ SHARPNEL
AssetId: rbxassetid://5240895312
CoverImageAssetId: ''
Description: ''
Filename: TAKECORE OF YOURSELF
HitSFXGroup: 0
MD5Hash: 75e0f2fb97df851a791a4a90d5dbdb17
NotePrebufferTime: 1000
TimeOffset: -70
Volume: 0.5
Difficulty:
- Overall: 36
  Chordjack: 27.812693023681643
  Handstream: 28.660494232177737
  Jack: 24.109194946289062
  Jumpstream: 39.254397583007815
  Stamina: 39.21514549255371
  Stream: 32.08050041198731
  Technical: 32.963399505615236
  Rate: 100
