Artist: a_hisa
AssetId: rbxassetid://13830772617
CoverImageAssetId: ''
Description: ''
Filename: Cheshire,s dance
HitSFXGroup: 0
Mapper: A_scend
MD5Hash: 2569f659085d82cbdb6142ab808a908a
NotePrebufferTime: 1000
TimeOffset: -75
Volume: 0.5
Difficulty:
- Overall: 37
  Chordjack: 28.894496154785156
  Handstream: 35.27639579772949
  Jack: 25.83629550933838
  Jumpstream: 43.2008960723877
  Stamina: 43.15769577026367
  Stream: 34.67249794006348
  Technical: 38.97629585266113
  Rate: 100
