Artist: Manabu Namiki
AssetId: rbxassetid://10017784233
CoverImageAssetId: ''
Description: ''
Filename: TENSHI (True Final Boss)
HitSFXGroup: 0
Mapper: Slick6969
MD5Hash: c65a9f09b607e93d7cb5c6b3f8057065
NotePrebufferTime: 1000
TimeOffset: -165
Volume: 0.5
Difficulty:
- Overall: 48
  Chordjack: 47.163032913208006
  Handstream: 37.94484443664551
  Jack: 30.41473960876465
  Jumpstream: 32.02946891784668
  Stamina: 43.74050674438477
  Stream: 30.938842391967775
  Technical: 36.0888313293457
  Rate: 100
