Artist: Jackal Queenston
AssetId: rbxassetid://13641989989
CoverImageAssetId: ''
Description: ''
Filename: Cursed
HitSFXGroup: 0
Mapper: SureFir3
MD5Hash: 938a4c992b634a4a88e5a2ebcb57e476
NotePrebufferTime: 1000
TimeOffset: -75
Volume: 0.5
Difficulty:
- Overall: 58
  Chordjack: 46.72799835205078
  Handstream: 58.87709884643555
  Jack: 30.492900466918947
  Jumpstream: 55.57679214477539
  Stamina: 56.42199783325196
  Stream: 57.09059829711914
  Technical: 58.21739730834961
  Rate: 100
