Artist: Frums + Nitro
AssetId: rbxassetid://10024418793
CoverImageAssetId: ''
Description: ''
Filename: Red and Blue and Green (LIGHT)
HitSFXGroup: 0
Mapper: Slick6969
MD5Hash: 060578df82c47ea37b1bdb3235c36b71
NotePrebufferTime: 1000
TimeOffset: -75
Volume: 0.5
Difficulty:
- Overall: 10
  Chordjack: 8.825399780273438
  Handstream: 9.282601833343506
  Jack: 12.079799938201905
  Jumpstream: 14.562001991271973
  Stamina: 13.976553440093994
  Stream: 13.122000789642334
  Technical: 16.63919734954834
  Rate: 100
