Artist: HAMO
AssetId: rbxassetid://6279923657
CoverImageAssetId: ''
Description: ''
Filename: COSMO (LIGHT)
HitSFXGroup: 0
Mapper: Chibitania
MD5Hash: 496ceff2cda70e134c804f183a2ba266
NotePrebufferTime: 1000
TimeOffset: -130
Volume: 0.5
Difficulty:
- Overall: 18
  Chordjack: 10.158301448822021
  Handstream: 9.368101215362548
  Jack: 9.101700782775879
  Jumpstream: 17.18009719848633
  Stamina: 15.99257984161377
  Stream: 15.58619899749756
  Technical: 16.851597404479982
  Rate: 100
