Artist: Laur
AssetId: rbxassetid://10799508746
CoverImageAssetId: ''
Description: ''
Filename: Laur chan taiso dai ichi
HitSFXGroup: 0
Mapper: '[LS]Gavin'
MD5Hash: 8c6d2e3311872d178645e3bd35756309
NotePrebufferTime: 1000
TimeOffset: -75
Volume: 0.5
Difficulty:
- Overall: 44
  Chordjack: 35.757899093627934
  Handstream: 44.22329750061035
  Jack: 31.40460090637207
  Jumpstream: 49.275899505615236
  Stamina: 44.5292667388916
  Stream: 33.73469467163086
  Technical: 43.64639511108398
  Rate: 100
