Artist: KASAI HARCORES
AssetId: rbxassetid://10698136741
CoverImageAssetId: ''
Description: ''
Filename: Cycle Hit
HitSFXGroup: 0
Mapper: Dubstek
MD5Hash: 6d3a27280f88e8660456c9059bd7b219
NotePrebufferTime: 1000
TimeOffset: -75
Volume: 0.5
Difficulty:
- Overall: 34
  Chordjack: 25.505996704101562
  Handstream: 29.75309829711914
  Jack: 21.961795234680178
  Jumpstream: 34.05509719848633
  Stamina: 33.562157821655276
  Stream: 29.331903076171876
  Technical: 32.85179901123047
  Rate: 100
