Artist: Camellia
AssetId: rbxassetid://10027927663
CoverImageAssetId: ''
Description: ''
Filename: Kamah
HitSFXGroup: 0
MD5Hash: 9e2aa35adc185f48cc96aac4887e74fa
NotePrebufferTime: 1000
TimeOffset: -70
Volume: 0.5
Difficulty:
- Overall: 45
  Chordjack: 41.952598571777344
  Handstream: 39.7781982421875
  Jack: 32.50799903869629
  Jumpstream: 39.757499313354494
  Stamina: 40.4960620880127
  Stream: 30.138302993774413
  Technical: 39.21029777526856
  Rate: 100
