Artist: daniwell
AssetId: rbxassetid://10719138680
CoverImageAssetId: ''
Description: ''
Filename: UZ (HEAVY)
HitSFXGroup: 0
MD5Hash: 5d34028c6ba71acb657bde9c6f3806ee
NotePrebufferTime: 920
TimeOffset: -50
Volume: 0.5
Difficulty:
- Overall: 20
  Chordjack: 22.04113883972168
  Handstream: 17.652402877807617
  Jack: 16.723194694519044
  Jumpstream: 24.6124906539917
  Stamina: 20.54088191986084
  Stream: 18.593579292297363
  Technical: 24.192764854431154
  Rate: 100
