Artist: Frums
AssetId: rbxassetid://10049136914
CoverImageAssetId: ''
Description: ''
Filename: Mdrqnxtagon
HitSFXGroup: 0
MD5Hash: d569de7c37d0a0ebe22c6abe2d452bec
NotePrebufferTime: 1000
TimeOffset: -290
Volume: 0.6
Difficulty:
- Overall: 44
  Chordjack: 31.667404174804688
  Handstream: 28.65059452056885
  Jack: 29.58570098876953
  Jumpstream: 37.89000205993653
  Stamina: 29.851106643676758
  Stream: 34.0775951385498
  Technical: 37.20779914855957
  Rate: 100
