Artist: ZUN
AssetId: rbxassetid://10719066384
CoverImageAssetId: ''
Description: ''
Filename: Voyage 1970 (LN)
HitSFXGroup: 0
Mapper: Halogen-
MD5Hash: da900caeaa594d3b3d5a1c7f85596a4f
NotePrebufferTime: 1000
TimeOffset: -70
Volume: 0.5
Difficulty:
- Overall: 0
  Chordjack: 31.31549835205078
  Handstream: 24.53129482269287
  Jack: 21.3596981048584
  Jumpstream: 39.407402801513676
  Stamina: 37.994265747070315
  Stream: 31.376702499389648
  Technical: 37.17809829711914
  Rate: 100
