Artist: REDALiCE
AssetId: rbxassetid://5965695816
CoverImageAssetId: ''
Description: ''
Filename: PekoMiko Great War!! (LIGHT)
HitSFXGroup: 0
Mapper: rinstea
MD5Hash: da0eff31399d65b2dc9176fcd8ab4f4a
NotePrebufferTime: 1000
TimeOffset: -75
Volume: 0.5
Difficulty:
- Overall: 25
  Chordjack: 20.185196113586425
  Handstream: 22.43789463043213
  Jack: 18.370798873901368
  Jumpstream: 28.45619316101074
  Stamina: 26.568738555908205
  Stream: 26.28899574279785
  Technical: 28.06289463043213
  Rate: 100
