Artist: dbk2
AssetId: rbxassetid://10064854490
CoverImageAssetId: ''
Description: ''
Filename: The Devil Plays Dance Games (LIGHT)
HitSFXGroup: 0
Mapper: Shoegazer
MD5Hash: 2d74aec5e6f83741554349e91e82b164
NotePrebufferTime: 1000
TimeOffset: -70
Volume: 0.5
Difficulty:
- Overall: 35
  Chordjack: 23.86259479522705
  Handstream: 22.022995948791504
  Jack: 18.762300109863283
  Jumpstream: 34.65540046691895
  Stamina: 33.263000106811525
  Stream: 36.71369590759277
  Technical: 34.35569686889649
  Rate: 100
