Artist: Various Artist
AssetId: rbxassetid://12981629571
CoverImageAssetId: ''
Description: ''
Filename: Why We Lose
HitSFXGroup: 0
Mapper: Xeroa
MD5Hash: 4643001344fa9e28ebc08e00c4519244
NotePrebufferTime: 1000
TimeOffset: -75
Volume: 0.5
Difficulty:
- Overall: 37
  Chordjack: 38.34180107116699
  Handstream: 22.34879550933838
  Jack: 25.64099636077881
  Jumpstream: 24.695095825195313
  Stamina: 36.54418716430664
  Stream: 21.688196182250977
  Technical: 26.559894561767578
  Rate: 100
