Artist: Jaroslav Beck
AssetId: rbxassetid://13155533053
CoverImageAssetId: ''
Description: ''
Filename: $100 Bills (Camellia's "215$-Step" Remix)
HitSFXGroup: 0
Mapper: Ash
MD5Hash: afb8117d40398513d51b521567eb0ae5
NotePrebufferTime: 1000
TimeOffset: -75
Volume: 0.5
Difficulty:
- Overall: 35
  Chordjack: 29.36879997253418
  Handstream: 35.135097885131835
  Jack: 25.092895317077637
  Jumpstream: 37.58759651184082
  Stamina: 36.16160888671875
  Stream: 34.75259857177735
  Technical: 37.591194534301756
  Rate: 100
