Artist: Exodia
AssetId: rbxassetid://13677698407
CoverImageAssetId: ''
Description: ''
Filename: 825 hp
HitSFXGroup: 0
Mapper: N4aci
MD5Hash: 05498d43062167caecec84bdb13e0877
NotePrebufferTime: 1000
TimeOffset: -75
Volume: 0.5
Difficulty:
- Overall: 57
  Chordjack: 58.25789566040039
  Handstream: 50.99039154052735
  Jack: 28.314900398254395
  Jumpstream: 50.94899368286133
  Stamina: 56.85852241516113
  Stream: 33.75809898376465
  Technical: 38.52539978027344
  Rate: 100
