Artist: DJ Genericname
AssetId: rbxassetid://10054576413
CoverImageAssetId: ''
Description: ''
Filename: Dear You (LIGHT)
HitSFXGroup: 0
MD5Hash: ceb80037d32da9c024df2ea20e267029
NotePrebufferTime: 1170
TimeOffset: -124
Volume: 0.5
Difficulty:
- Overall: 8
  Chordjack: 8.343000411987305
  Handstream: 8.150400638580322
  Jack: 7.487101936340332
  Jumpstream: 15.417900466918946
  Stamina: 14.342996406555176
  Stream: 14.237099361419679
  Technical: 14.97960090637207
  Rate: 100
