Artist: Demetori
AssetId: rbxassetid://13872213355
CoverImageAssetId: ''
Description: ''
Filename: Heartfelt Fancy ~ Prie a Dieu (HEAVY)
HitSFXGroup: 0
Mapper: Evening
MD5Hash: 23ee1bc2121e6b27566361c3bc9bf055
NotePrebufferTime: 1000
TimeOffset: -75
Volume: 0.5
Difficulty:
- Overall: 50
  Chordjack: 36.76139373779297
  Handstream: 32.74649848937988
  Jack: 32.58629722595215
  Jumpstream: 43.11719741821289
  Stamina: 55.52971229553223
  Stream: 56.050196456909184
  Technical: 51.47549285888672
  Rate: 100
