Artist: Igorrr
AssetId: rbxassetid://84807920687239
CoverImageAssetId: ''
Description: ''
Filename: Cicadidae
HitSFXGroup: 0
Mapper: Minty
MD5Hash: 773b5c6dc89fe190b84fd4630ff405b5
NotePrebufferTime: 1000
TimeOffset: -90
Volume: 0.5
Difficulty:
- Overall: 37
  Chordjack: 28.224894905090334
  Handstream: 30.9528018951416
  Jack: 27.936895179748536
  Jumpstream: 42.1218017578125
  Stamina: 41.11728401184082
  Stream: 44.00279502868653
  Technical: 44.359194946289065
  Rate: 100
