Artist: Kobaryo (feat. Camellia)
AssetId: rbxassetid://10017947543
CoverImageAssetId: ''
Description: ''
Filename: Villain Virus
HitSFXGroup: 0
Mapper: rinstea
MD5Hash: 6a06c067ce04bcc98da1af7d5bc5cecc
NotePrebufferTime: 1000
TimeOffset: -75
Volume: 0.5
Difficulty:
- Overall: 35
  Chordjack: 32.077801895141604
  Handstream: 26.95049457550049
  Jack: 26.86410083770752
  Jumpstream: 41.830200576782225
  Stamina: 39.72170448303223
  Stream: 33.10649642944336
  Technical: 39.89070167541504
  Rate: 100
