Artist: Silentroom
AssetId: rbxassetid://10046697908
CoverImageAssetId: ''
Description: ''
Filename: Rainshower
HitSFXGroup: 0
Mapper: SureFir3
MD5Hash: b88d919ce032940f36cdcb0430939a95
NotePrebufferTime: 1000
TimeOffset: -75
Volume: 0.5
Difficulty:
- Overall: 63
  Chordjack: 45.612892913818364
  Handstream: 53.41319274902344
  Jack: 38.81969947814942
  Jumpstream: 61.8254997253418
  Stamina: 64.1513053894043
  Stream: 66.25889511108399
  Technical: 62.92439346313477
  Rate: 100
