Artist: t+pazolite
AssetId: rbxassetid://10718729415
CoverImageAssetId: rbxassetid://6572885828
Description: Mapped by Lirai
Filename: Contrapasso -inferno-
HitSFXGroup: 0
Mapper: Lirai
MD5Hash: f5a3400b7d08cfcaacadf351467295b7
NotePrebufferTime: 800
TimeOffset: -55
Volume: 0.5
Difficulty:
- Overall: 18
  Chordjack: 12.426300144195556
  Handstream: 10.898101043701173
  Jack: 9.49770040512085
  Jumpstream: 20.02049732208252
  Stamina: 18.77057762145996
  Stream: 18.539097404479982
  Technical: 19.422897720336916
  Rate: 100
