Artist: Vopsi
AssetId: rbxassetid://10719162283
CoverImageAssetId: ''
Description: ''
Filename: Roboposition!! (HEAVY)
HitSFXGroup: 0
MD5Hash: dbab57c181d9603c99c0ff39c01cb8c6
NotePrebufferTime: 1000
TimeOffset: -70
Volume: 0.5
Difficulty:
- Overall: 17
  Chordjack: 12.389399814605714
  Handstream: 12.055500411987305
  Jack: 14.768100357055664
  Jumpstream: 21.846595001220702
  Stamina: 19.25145950317383
  Stream: 22.13639717102051
  Technical: 23.157895660400392
  Rate: 100
