Artist: Camellia
AssetId: rbxassetid://13866885276
CoverImageAssetId: ''
Description: ''
Filename: dreamless wanderer
HitSFXGroup: 0
Mapper: ZirconEscalus
MD5Hash: fa56e119afe6e316d1ef3e48ddbd5f95
NotePrebufferTime: 1000
TimeOffset: -75
Volume: 0.5
Difficulty:
- Overall: 32
  Chordjack: 21.209394836425783
  Handstream: 31.40009994506836
  Jack: 19.82339744567871
  Jumpstream: 32.45400123596192
  Stamina: 31.998391342163085
  Stream: 30.435301208496096
  Technical: 33.38639717102051
  Rate: 100
