Artist: xi
AssetId: rbxassetid://98541603311498
CoverImageAssetId: ''
Description: ''
Filename: Thanatos (HEAVY)
HitSFXGroup: 0
Mapper: wolfyou
MD5Hash: 8eee58ef912085b69135e1185550f3b9
NotePrebufferTime: 1000
TimeOffset: -70
Volume: 0.5
Difficulty:
- Overall: 40
  Chordjack: 31.43610076904297
  Handstream: 30.800699615478518
  Jack: 26.802901840209962
  Jumpstream: 38.77019920349121
  Stamina: 35.067566299438475
  Stream: 33.714898681640626
  Technical: 38.94029502868653
  Rate: 100
