Artist: Gram
AssetId: rbxassetid://10070172651
CoverImageAssetId: ''
Description: ''
Filename: Sigmund
HitSFXGroup: 0
Mapper: ArcadeSona
MD5Hash: c101d81cc67b8dd7b4e28b16ec4d9659
NotePrebufferTime: 1000
TimeOffset: -155
Volume: 0.5
Difficulty:
- Overall: 38
  Chordjack: 34.156799697875975
  Handstream: 33.23069686889649
  Jack: 29.358905410766603
  Jumpstream: 42.56100082397461
  Stamina: 41.11729431152344
  Stream: 34.47719535827637
  Technical: 38.113199615478514
  Rate: 100
