Artist: ACRAZE
AssetId: rbxassetid://0
CoverImageAssetId: ''
Description: ''
Filename: Do It To It (Ft. Cherish)
HitSFXGroup: 0
Mapper: Ena
MD5Hash: f318009b1aa853e86cd0c55a5236dc12
NotePrebufferTime: 1000
TimeOffset: -75
Volume: 0.5
Difficulty:
- Overall: 44
  Chordjack: 46.09709815979004
  Handstream: 32.62950096130371
  Jack: 27.883795166015627
  Jumpstream: 33.77069549560547
  Stamina: 45.563622665405276
  Stream: 25.140593147277833
  Technical: 30.044699478149415
  Rate: 100
