Artist: schmutz06
AssetId: rbxassetid://10698300879
CoverImageAssetId: ''
Description: ''
Filename: Pacman Wizard (HEAVY)
HitSFXGroup: 0
MD5Hash: 5cc3b1dcb851e382212ee1fdbe700da9
NotePrebufferTime: 1000
TimeOffset: -1880
Volume: 0.5
Difficulty:
- Overall: 26
  Chordjack: 20.588396072387695
  Handstream: 17.43659534454346
  Jack: 21.409196662902833
  Jumpstream: 28.03139476776123
  Stamina: 28.60946788787842
  Stream: 32.03819961547852
  Technical: 32.859897994995116
  Rate: 100
