Artist: Expander
AssetId: rbxassetid://10698495711
CoverImageAssetId: ''
Description: ''
Filename: Honey Trap (HEAVY)
HitSFXGroup: 0
MD5Hash: d3b0e67aa9d6459ae6cddd5f530aff68
NotePrebufferTime: 1000
TimeOffset: 0
Volume: 0.5
Difficulty:
- Overall: 25
  Chordjack: 17.162996292114258
  Handstream: 22.835695838928224
  Jack: 18.828897857666018
  Jumpstream: 28.702800178527834
  Stamina: 25.778313446044923
  Stream: 26.4734956741333
  Technical: 28.658700370788576
  Rate: 100
