Artist: The Quick Brown Fox
AssetId: rbxassetid://12407101940
CoverImageAssetId: rbxassetid://8359860252
Description: ''
Filename: Break (Speed up ver.)
HitSFXGroup: 0
MD5Hash: 40b06caa4d1fef5b81d90159c654b4f0
NotePrebufferTime: 1000
TimeOffset: -130
Volume: 0.8
Difficulty:
- Overall: 54
  Chordjack: 54.9035945892334
  Handstream: 35.26919631958008
  Jack: 34.90379791259766
  Jumpstream: 36.55349464416504
  Stamina: 51.96768035888672
  Stream: 30.16440238952637
  Technical: 35.8226978302002
  Rate: 100
