Artist: Toby Fox
AssetId: rbxassetid://10719200522
CoverImageAssetId: ''
Description: ''
Filename: Snowy
HitSFXGroup: 0
Mapper: 'honrik567'
MD5Hash: 972c40f49556c2fd6904fc3f60941ed3
NotePrebufferTime: 1000
TimeOffset: 0
Volume: 0.5
Difficulty:
- Overall: 5
  Chordjack: 4.727700662612915
  Handstream: 5.645700216293335
  Jack: 8.135101318359375
  Jumpstream: 10.133100700378419
  Stamina: 8.94100685119629
  Stream: 9.434700679779054
  Technical: 11.303100872039796
  Rate: 100
