Artist: kemu feat. IA
AssetId: rbxassetid://10698124073
CoverImageAssetId: ''
Description: ''
Filename: Six Trillion Years and Overnight Story (HEAVY)
HitSFXGroup: 0
Mapper: '-SoraGami-'
MD5Hash: 9eb349a4e2e0de0b93a355ed20950765
NotePrebufferTime: 1000
TimeOffset: 0
Volume: 0.5
Difficulty:
- Overall: 29
  Chordjack: 22.711497116088868
  Handstream: 29.678404998779296
  Jack: 21.464095687866212
  Jumpstream: 35.261996841430665
  Stamina: 32.619458770751955
  Stream: 29.813402938842774
  Technical: 33.23700027465821
  Rate: 100
