Artist: Minato Aqua
AssetId: rbxassetid://4507144521
CoverImageAssetId: ''
Description: ''
Filename: Dadadada Tenshi
HitSFXGroup: 0
MD5Hash: 07de841c53db517c78f136998c5363d9
NotePrebufferTime: 1000
TimeOffset: -70
Volume: 0.5
Difficulty:
- Overall: 35
  Chordjack: 26.520295715332033
  Handstream: 27.962093353271484
  Jack: 24.19919357299805
  Jumpstream: 38.24909706115723
  Stamina: 38.21085090637207
  Stream: 29.997901153564452
  Technical: 33.13890266418457
  Rate: 100
