Artist: Yooh
AssetId: rbxassetid://10049127482
CoverImageAssetId: ''
Description: ''
Filename: Ice Angel
HitSFXGroup: 0
Mapper: Shoegazer
MD5Hash: a1c5a18427d1f6c77da8f3482905ea29
NotePrebufferTime: 1000
TimeOffset: -70
Volume: 0.5
Difficulty:
- Overall: 44
  Chordjack: 37.071891403198244
  Handstream: 43.53029708862305
  Jack: 39.309298324584965
  Jumpstream: 43.29900054931641
  Stamina: 43.25570411682129
  Stream: 34.529397583007814
  Technical: 42.721198654174806
  Rate: 100
