Artist: SunsetRay
AssetId: rbxassetid://10024744344
CoverImageAssetId: ''
Description: ''
Filename: Phantasmal Interstellar-WAR!!!
HitSFXGroup: 0
Mapper: Keikiri
MD5Hash: d50d1d912555f3b38318706d32c2a164
NotePrebufferTime: 1000
TimeOffset: -70
Volume: 0.4
Difficulty:
- Overall: 49
  Chordjack: 40.43610076904297
  Handstream: 46.005300521850586
  Jack: 36.77759857177735
  Jumpstream: 44.02529640197754
  Stamina: 46.642401123046874
  Stream: 51.360294342041016
  Technical: 51.80669288635254
  Rate: 100
