Artist: Onett
AssetId: rbxassetid://10024757065
CoverImageAssetId: ''
Description: ''
Filename: GET STICK BUGGED (Camellia Remix) (HEAVY)
HitSFXGroup: 0
Mapper: Bunnrei
MD5Hash: 995f23035d8a358eb9c9f047c0f3aafd
NotePrebufferTime: 1000
TimeOffset: -70
Volume: 0.5
Difficulty:
- Overall: 32
  Chordjack: 26.733641624450684
  Handstream: 31.11888771057129
  Jack: 20.532762336730958
  Jumpstream: 34.9607894897461
  Stamina: 32.11068878173828
  Stream: 28.97223815917969
  Technical: 32.362739181518556
  Rate: 100
