Artist: Croove
AssetId: rbxassetid://10698485022
CoverImageAssetId: ''
Description: ''
Filename: Minus 2 (LIGHT)
HitSFXGroup: 0
MD5Hash: 9a269592331dad9609e2819a688dff75
NotePrebufferTime: 1000
TimeOffset: -70
Volume: 0.5
Difficulty:
- Overall: 17
  Chordjack: 14.940000343322755
  Handstream: 17.94239730834961
  Jack: 12.348899745941162
  Jumpstream: 25.65629653930664
  Stamina: 24.178908348083496
  Stream: 22.963497734069826
  Technical: 24.43139476776123
  Rate: 100
