Artist: Camellia
AssetId: rbxassetid://10043809037
CoverImageAssetId: ''
Description: ''
Filename: Spin Eternally
HitSFXGroup: 0
Mapper: 11Bit
MD5Hash: 11b633afd6c8a1c5569d5b3ec7dfb1f6
NotePrebufferTime: 1000
TimeOffset: -155
Volume: 0.5
Difficulty:
- Overall: 49
  Chordjack: 35.84699478149414
  Handstream: 47.125799560546874
  Jack: 31.424403762817384
  Jumpstream: 45.90989456176758
  Stamina: 46.66491279602051
  Stream: 45.12149505615235
  Technical: 47.380496978759766
  Rate: 100
