Artist: DJ Sharpnel
AssetId: rbxassetid://3052951152
CoverImageAssetId: ''
Description: ''
Filename: World Sound
HitSFXGroup: 0
Mapper: Halogen-
MD5Hash: d0cb4b0cfd4d74cda9a2c15efb47b166
NotePrebufferTime: 1000
TimeOffset: 0
Volume: 0.5
Difficulty:
- Overall: 36
  Chordjack: 27.266392707824707
  Handstream: 41.56109390258789
  Jack: 22.87259616851807
  Jumpstream: 39.75839538574219
  Stamina: 41.51953468322754
  Stream: 35.335797500610354
  Technical: 36.43109321594238
  Rate: 100
