Artist: Kobaryo
AssetId: rbxassetid://1693948941
CoverImageAssetId: ''
Description: ''
Filename: 'Tool Assisted Speedcore '
HitSFXGroup: 0
Mapper: BossMadWolf
MD5Hash: 11cf8f12fc4a08fcf29a6c939e44ac6f
NotePrebufferTime: 1000
TimeOffset: -70
Volume: 0.5
Difficulty:
- Overall: 39
  Chordjack: 28.02869453430176
  Handstream: 25.971293449401855
  Jack: 23.366697692871096
  Jumpstream: 42.98759994506836
  Stamina: 42.21836814880371
  Stream: 37.463399505615236
  Technical: 38.95109596252441
  Rate: 100
