Artist: LunaticSounds
AssetId: rbxassetid://10049357717
CoverImageAssetId: ''
Description: ''
Filename: Dement ~After Legend~
HitSFXGroup: 0
Mapper: Evening
MD5Hash: a4ff8ad6d2ef62e046dba6fab9d18d3e
NotePrebufferTime: 1000
TimeOffset: 0
Volume: 0.5
Difficulty:
- Overall: 42
  Chordjack: 33.916497802734376
  Handstream: 29.231999588012695
  Jack: 30.257099533081057
  Jumpstream: 45.60029983520508
  Stamina: 44.63287467956543
  Stream: 50.137196731567386
  Technical: 46.47959747314453
  Rate: 100
