Artist: Ryu
AssetId: rbxassetid://10698544283
CoverImageAssetId: ''
Description: ''
Filename: AGEHA (LIGHT)
HitSFXGroup: 0
MD5Hash: d21bbcc54f24d7da55b5a4feec9e0bc6
NotePrebufferTime: 1110
TimeOffset: -82
Volume: 0.5
Difficulty:
- Overall: 6
  Chordjack: 7.326002025604248
  Handstream: 7.474501132965088
  Jack: 11.312100219726563
  Jumpstream: 10.979999828338624
  Stamina: 11.740318965911866
  Stream: 13.250699615478515
  Technical: 15.258598709106446
  Rate: 100
