Artist: Various Artists
AssetId: rbxassetid://0
CoverImageAssetId: ''
Description: ''
Filename: Chordjack Joker Dan VI
HitSFXGroup: 0
Mapper: '[Crz]Rachel&Ice V'
MD5Hash: 338f7772c4e7c712671fb6d06e5433f6
NotePrebufferTime: 1000
TimeOffset: -75
Volume: 0.5
Difficulty:
- Overall: 50
  Chordjack: 54.50579338073731
  Handstream: 39.04199752807617
  Jack: 34.180197143554686
  Jumpstream: 39.21569480895996
  Stamina: 54.45128746032715
  Stream: 31.00949821472168
  Technical: 36.75239524841309
  Rate: 100
