Artist: Dunderpatrullen
AssetId: rbxassetid://10719206483
CoverImageAssetId: ''
Description: ''
Filename: Interlude (Fantasy Friends Forever) (LIGHT)
HitSFXGroup: 0
MD5Hash: fe4c9522396685da2837a6adbeb162c6
NotePrebufferTime: 1000
TimeOffset: 0
Volume: 0.5
Difficulty:
- Overall: 3
  Chordjack: 3.2803491353988647
  Handstream: 4.294689989089966
  Jack: 2.440924787521362
  Jumpstream: 6.358530950546265
  Stamina: 5.269122791290283
  Stream: 6.720671653747559
  Technical: 6.501804256439209
  Rate: 100
