Artist: Yui Horie
AssetId: rbxassetid://13867569858
CoverImageAssetId: ''
Description: ''
Filename: The World's End
HitSFXGroup: 0
Mapper: antip0is0n
MD5Hash: 1ab2aa77504083b1c6ea9e496a7d2a24
NotePrebufferTime: 1000
TimeOffset: -75
Volume: 0.5
Difficulty:
- Overall: 46
  Chordjack: 46.1465950012207
  Handstream: 31.558502197265625
  Jack: 28.18799285888672
  Jumpstream: 31.94370002746582
  Stamina: 46.10044898986816
  Stream: 25.639192199707033
  Technical: 30.069899368286134
  Rate: 100
