Artist: Noah
AssetId: rbxassetid://13866839529
CoverImageAssetId: ''
Description: ''
Filename: Deadly force - Put an end
HitSFXGroup: 0
Mapper: riunosk
MD5Hash: 04757c64a0108d324c28930ec5671c30
NotePrebufferTime: 1000
TimeOffset: -75
Volume: 0.5
Difficulty:
- Overall: 50
  Chordjack: 49.72319412231445
  Handstream: 47.385890579223634
  Jack: 35.15669631958008
  Jumpstream: 46.11059761047363
  Stamina: 49.673474121093754
  Stream: 38.98979873657227
  Technical: 44.95139923095703
  Rate: 100
