Artist: Tanger
AssetId: rbxassetid://13876320284
CoverImageAssetId: ''
Description: ''
Filename: Bike (NO AUDIO)
HitSFXGroup: 0
Mapper: zailscode123
MD5Hash: 7514eabb8ea235e5eb1c465eb34696c5
NotePrebufferTime: 1000
TimeOffset: -75
Volume: 0.5
Difficulty:
- Overall: 54
  Chordjack: 38.28059692382813
  Handstream: 33.62490005493164
  Jack: 31.43429832458496
  Jumpstream: 47.246398544311525
  Stamina: 50.999293899536134
  Stream: 55.137593078613286
  Technical: 51.22169494628906
  Rate: 100
