Artist: Jaroslav Beck
AssetId: rbxassetid://13155533053
CoverImageAssetId: ''
Description: ''
Filename: $100 Bills (Camellia's "215$-Step" Remix)
HitSFXGroup: 0
Mapper: Nezu-
MD5Hash: a9995d6f37954e58f43a87a336972d4a
NotePrebufferTime: 1000
TimeOffset: -75
Volume: 0.5
Difficulty:
- Overall: 37
  Chordjack: 29.314802169799805
  Handstream: 35.66069412231445
  Jack: 23.849097061157227
  Jumpstream: 39.7970947265625
  Stamina: 37.84102020263672
  Stream: 36.38249588012695
  Technical: 39.36240005493164
  Rate: 100
