Artist: YZYX
AssetId: rbxassetid://10054339093
CoverImageAssetId: ''
Description: ''
Filename: Another blue sky
HitSFXGroup: 0
MD5Hash: 3ace9f9afe05afff8e5171c8ed8a8a34
NotePrebufferTime: 1000
TimeOffset: 0
Volume: 0.5
Difficulty:
- Overall: 31
  Chordjack: 25.19909534454346
  Handstream: 34.30349464416504
  Jack: 18.615596580505372
  Jumpstream: 32.211900329589845
  Stamina: 34.26919326782227
  Stream: 29.91870002746582
  Technical: 31.335301208496094
  Rate: 100
