Artist: DJ Sharpnel
AssetId: rbxassetid://3035438137
CoverImageAssetId: ''
Description: ''
Filename: Over the Fullereneshift
HitSFXGroup: 0
Mapper: Civilization
MD5Hash: eb1298f47e32b219b042c79916d0d967
NotePrebufferTime: 1000
TimeOffset: -2070
Volume: 0.65
Difficulty:
- Overall: 41
  Chordjack: 30.41100082397461
  Handstream: 37.024197006225585
  Jack: 25.597796058654787
  Jumpstream: 42.158698654174806
  Stamina: 42.11654205322266
  Stream: 34.35479736328125
  Technical: 36.86220016479492
  Rate: 100
