Artist: NOISIA
AssetId: rbxassetid://10698503760
CoverImageAssetId: ''
Description: ''
Filename: Groundhog (Beat Juggle)
HitSFXGroup: 0
MD5Hash: 18aaf0789978ec094931554c4e2d565a
NotePrebufferTime: 1000
TimeOffset: -70
Volume: 0.5
Difficulty:
- Overall: 26
  Chordjack: 18.826197624206543
  Handstream: 23.97869453430176
  Jack: 23.833795166015626
  Jumpstream: 27.318593215942382
  Stamina: 25.616716575622558
  Stream: 25.119894218444824
  Technical: 27.77489490509033
  Rate: 100
