Artist: Frums
AssetId: rbxassetid://4961170103
CoverImageAssetId: ''
Description: ''
Filename: Nisemono
HitSFXGroup: 0
Mapper: Chrubble
MD5Hash: 605e7d0295b300b3e3a5e2fdaaa911f3
NotePrebufferTime: 1000
TimeOffset: -75
Volume: 0.5
Difficulty:
- Overall: 43
  Chordjack: 31.833901977539064
  Handstream: 26.559894561767578
  Jack: 24.529497528076174
  Jumpstream: 42.75540046691895
  Stamina: 42.71264991760254
  Stream: 37.93589401245117
  Technical: 40.049996566772464
  Rate: 100
