Artist: Laur
AssetId: rbxassetid://9512620160
CoverImageAssetId: ''
Description: ''
Filename: A Lasting Promise (EXTRA)
HitSFXGroup: 0
Mapper: SunsetKR
MD5Hash: 5ecb8fd58f00eb9c9354d2a2fdb1d921
NotePrebufferTime: 1000
TimeOffset: -140
Volume: 0.5
Difficulty:
- Overall: 48
  Chordjack: 44.414998626708986
  Handstream: 38.79809761047363
  Jack: 37.377898406982425
  Jumpstream: 43.039798736572266
  Stamina: 41.99982261657715
  Stream: 30.76380271911621
  Technical: 39.69089813232422
  Rate: 100
