Artist: Camellia as "fluX Xroise"
AssetId: rbxassetid://13895801906
CoverImageAssetId: ''
Description: ''
Filename: Xronier
HitSFXGroup: 0
Mapper: A_scend
MD5Hash: eede4f637a1168fbe292904eb835138d
NotePrebufferTime: 1000
TimeOffset: -75
Volume: 0.5
Difficulty:
- Overall: 45
  Chordjack: 34.253997802734375
  Handstream: 42.911097335815434
  Jack: 28.028701400756837
  Jumpstream: 46.05479736328125
  Stamina: 44.67457466125489
  Stream: 39.597298049926756
  Technical: 43.39799766540528
  Rate: 100
