Artist: Neko Kanimaru - Hidamari no Machi
AssetId: rbxassetid://3189435708
CoverImageAssetId: ''
Description: ''
Filename: A!
HitSFXGroup: 0
Mapper: TimBergling
MD5Hash: 5088f86b9eb200e3f460a58340208d29
NotePrebufferTime: 1000
TimeOffset: -70
Volume: 0.5
Difficulty:
- Overall: 39
  Chordjack: 30.27330093383789
  Handstream: 39.41730079650879
  Jack: 24.45029811859131
  Jumpstream: 40.50989799499512
  Stamina: 38.135402297973634
  Stream: 33.85169563293457
  Technical: 35.75610008239746
  Rate: 100
