Artist: Kaneko Chiharu
AssetId: rbxassetid://10036692314
CoverImageAssetId: ''
Description: ''
Filename: WHITEOUT (LIGHT)
HitSFXGroup: 0
Mapper: Virtue
MD5Hash: 5ac2a1ed15765aa910cb95bf6a9b52e6
NotePrebufferTime: 1000
TimeOffset: 385
Volume: 4
Difficulty:
- Overall: 27
  Chordjack: 21.089697074890136
  Handstream: 17.258397102355957
  Jack: 17.501397514343264
  Jumpstream: 30.26250343322754
  Stamina: 27.3009241104126
  Stream: 30.27780532836914
  Technical: 28.86840362548828
  Rate: 100
