Artist: Hanjamon
AssetId: rbxassetid://10719070322
CoverImageAssetId: ''
Description: ''
Filename: Paella
HitSFXGroup: 0
MD5Hash: e353f79f5c86e45111097cea62c8e2e2
NotePrebufferTime: 1000
TimeOffset: -70
Volume: 0.5
Difficulty:
- Overall: 33
  Chordjack: 25.077529907226562
  Handstream: 31.1420036315918
  Jack: 25.08694725036621
  Jumpstream: 38.60794143676758
  Stamina: 35.91111717224121
  Stream: 34.46941566467285
  Technical: 36.49975090026856
  Rate: 100
