Artist: Silent Siren
AssetId: rbxassetid://10070187877
CoverImageAssetId: ''
Description: ''
Filename: Joshikou Sensou
HitSFXGroup: 0
Mapper: risru
MD5Hash: 7e0ddbcee5842e87da122daa40fd8874
NotePrebufferTime: 1000
TimeOffset: -70
Volume: 0.5
Difficulty:
- Overall: 37
  Chordjack: 32.31180038452148
  Handstream: 35.28539772033692
  Jack: 25.368296813964843
  Jumpstream: 38.6846981048584
  Stamina: 36.27640914916992
  Stream: 37.15559692382813
  Technical: 36.82349739074707
  Rate: 100
