Artist: TheFatRat
AssetId: rbxassetid://13582654392
CoverImageAssetId: ''
Description: ''
Filename: Time Lapse
HitSFXGroup: 0
Mapper: LaoXiao-
MD5Hash: 0928c6bd8d80061fc0c8a4cc64517f49
NotePrebufferTime: 1000
TimeOffset: -75
Volume: 0.5
Difficulty:
- Overall: 40
  Chordjack: 40.60889854431152
  Handstream: 30.225603103637695
  Jack: 29.979004669189454
  Jumpstream: 31.00770263671875
  Stamina: 38.46607704162598
  Stream: 24.74909534454346
  Technical: 29.584801483154298
  Rate: 100
