Artist: DJ Sharpnel
AssetId: rbxassetid://2937831017
CoverImageAssetId: ''
Description: ''
Filename: Pacific Girls (Speed up ver.)
HitSFXGroup: 0
Mapper: NikoSek
MD5Hash: d8386eed6a4a57340ca05b35e31774e1
NotePrebufferTime: 1000
TimeOffset: -70
Volume: 0.5
Difficulty:
- Overall: 39
  Chordjack: 29.280603790283205
  Handstream: 28.230295372009277
  Jack: 24.53129825592041
  Jumpstream: 43.12709541320801
  Stamina: 40.875711822509764
  Stream: 34.47089881896973
  Technical: 34.6400951385498
  Rate: 100
