Artist: sakuzyo
AssetId: rbxassetid://10698198879
CoverImageAssetId: ''
Description: ''
Filename: Altale (HEAVY)
HitSFXGroup: 0
MD5Hash: 8a98845000d6861d6affc88e93735e0b
NotePrebufferTime: 1000
TimeOffset: -1520
Volume: 0.5
Difficulty:
- Overall: 24
  Chordjack: 20.83769817352295
  Handstream: 17.869497871398927
  Jack: 19.021498489379884
  Jumpstream: 28.860301208496093
  Stamina: 25.434825897216797
  Stream: 29.982602691650392
  Technical: 28.64699993133545
  Rate: 100
