Artist: F-777
AssetId: rbxassetid://12781320404
CoverImageAssetId: ''
Description: ''
Filename: Sonic Blaster
HitSFXGroup: 0
Mapper: the blue frawog
MD5Hash: b3da45f39e4458e60da406322e839b3c
NotePrebufferTime: 1000
TimeOffset: -75
Volume: 0.5
Difficulty:
- Overall: 54
  Chordjack: 54.978291320800786
  Handstream: 37.15199546813965
  Jack: 35.80560035705567
  Jumpstream: 36.087296676635745
  Stamina: 53.301228332519536
  Stream: 30.249003982543947
  Technical: 36.46259994506836
  Rate: 100
