Artist: Maozon
AssetId: rbxassetid://10698549603
CoverImageAssetId: ''
Description: ''
Filename: Stasis
HitSFXGroup: 0
MD5Hash: 98e3c204fb08752c6e1da803e211999c
NotePrebufferTime: 1000
TimeOffset: -100
Volume: 0.5
Difficulty:
- Overall: 28
  Chordjack: 19.86749725341797
  Handstream: 19.01159706115723
  Jack: 20.425498008728027
  Jumpstream: 26.77229461669922
  Stamina: 24.398063278198244
  Stream: 23.22089538574219
  Technical: 25.536595344543457
  Rate: 100
