Artist: Yunomi
AssetId: rbxassetid://10080193398
CoverImageAssetId: ''
Description: ''
Filename: Mentai Cosmic (feat. Nicamoq) (LIGHT)
HitSFXGroup: 0
MD5Hash: bd97e7d6fcfee57f62a1c97a550664ee
NotePrebufferTime: 1000
TimeOffset: -70
Volume: 0.5
Difficulty:
- Overall: 6
  Chordjack: 5.785200405120849
  Handstream: 5.539500188827515
  Jack: 5.0229002952575685
  Jumpstream: 8.549100494384765
  Stamina: 9.750548171997071
  Stream: 9.86400089263916
  Technical: 10.132201194763184
  Rate: 100
