Artist: Akira Complex
AssetId: rbxassetid://9513136134
CoverImageAssetId: ''
Description: ''
Filename: Ether Strike
HitSFXGroup: 0
Mapper: 'IceDynamix'
MD5Hash: 72da382da262a273a95d5fe160059f2f
NotePrebufferTime: 1000
TimeOffset: -295
Volume: 0.5
Difficulty:
- Overall: 41
  Chordjack: 26.718295097351074
  Handstream: 32.50709609985352
  Jack: 23.252396965026858
  Jumpstream: 27.913494300842284
  Stamina: 34.63074645996094
  Stream: 38.07089881896973
  Technical: 38.59559898376465
  Rate: 100
