Artist: THE ORAL CIGARETTES
AssetId: rbxassetid://13873069573
CoverImageAssetId: ''
Description: ''
Filename: Naked (Cut Ver.)
HitSFXGroup: 0
Mapper: thekyoukoo
MD5Hash: 83c250ec276411a3ead20c863f93050d
NotePrebufferTime: 1000
TimeOffset: -75
Volume: 0.5
Difficulty:
- Overall: 52
  Chordjack: 54.98999519348145
  Handstream: 29.74500274658203
  Jack: 31.635900878906252
  Jumpstream: 31.47660255432129
  Stamina: 52.615382766723634
  Stream: 28.246493339538574
  Technical: 32.14709815979004
  Rate: 100
