Artist: HHH
AssetId: rbxassetid://376971914
CoverImageAssetId: ''
Description: ''
Filename: Ignited Night (LIGHT)
HitSFXGroup: 0
MD5Hash: 2ce0d3c6ae550ad7d72569a1746026e0
NotePrebufferTime: 1100
TimeOffset: -120
Volume: 0.5
Difficulty:
- Overall: 8
  Chordjack: 8.167500686645509
  Handstream: 7.752601146697998
  Jack: 8.460900020599366
  Jumpstream: 13.024800109863282
  Stamina: 11.833731079101563
  Stream: 13.935600185394287
  Technical: 14.202002334594727
  Rate: 100
