Artist: Camellia ft. Nanahira
AssetId: rbxassetid://10037879862
CoverImageAssetId: ''
Description: ''
Filename: Amor De Verao (EXTRA)
HitSFXGroup: 0
Mapper: "PianoLuigi"
MD5Hash: eca875e466f40741699c22d9e8b7a01a
NotePrebufferTime: 1000
TimeOffset: -70
Volume: 0.5
Difficulty:
- Overall: 31
  Chordjack: 31.931096649169923
  Handstream: 30.99870071411133
  Jack: 22.58729839324951
  Jumpstream: 35.61839332580566
  Stamina: 34.1587703704834
  Stream: 26.377193641662597
  Technical: 33.7508960723877
  Rate: 100
