Artist: Camellia
AssetId: rbxassetid://11469694818
CoverImageAssetId: ''
Description: ''
Filename: Xeroa ("preconnaiXance" Long ver.)
HitSFXGroup: 0
Mapper: Abraxos
MD5Hash: 4d079947be40fac53c2d35891a0de021
NotePrebufferTime: 1000
TimeOffset: -75
Volume: 0.5
Difficulty:
- Overall: 48
  Chordjack: 37.39679489135742
  Handstream: 36.20249519348145
  Jack: 32.69159774780274
  Jumpstream: 48.131992721557616
  Stamina: 44.078487396240234
  Stream: 40.21380271911621
  Technical: 47.360697555542
  Rate: 100
