Artist: Mr. Asyu
AssetId: rbxassetid://10064701849
CoverImageAssetId: ''
Description: ''
Filename: Haunted Dance (EXTRA)
HitSFXGroup: 0
Mapper: wolfyou
MD5Hash: be1c466a12ef79bc285db191efab3472
NotePrebufferTime: 1000
TimeOffset: -70
Volume: 0.5
Difficulty:
- Overall: 44.735222625732426
  Chordjack: 30.197701263427735
  Handstream: 34.351195907592775
  Jack: 26.994594383239747
  Jumpstream: 44.05679626464844
  Stamina: 44.01274108886719
  Stream: 36.44099807739258
  Technical: 40.570199203491214
  Rate: 100
