Artist: antiPLUR
AssetId: rbxassetid://13866869285
CoverImageAssetId: ''
Description: ''
Filename: One Life Left to Live (EXTRA)
HitSFXGroup: 0
Mapper: -MysticEyes
MD5Hash: 137191b15fba1357eeb1ffe2f5dea1ee
NotePrebufferTime: 1000
TimeOffset: -75
Volume: 0.5
Difficulty:
- Overall: 27
  Chordjack: 18.338397789001466
  Handstream: 16.541997528076173
  Jack: 17.644497871398926
  Jumpstream: 28.51289978027344
  Stamina: 28.206238746643066
  Stream: 30.976202774047852
  Technical: 28.211398887634278
  Rate: 100
