Artist: Laur
AssetId: rbxassetid://9512620160
CoverImageAssetId: ''
Description: ''
Filename: A Lasting Promise (HEAVY)
HitSFXGroup: 0
Mapper: SunsetKR
MD5Hash: d39ae0f064fe0c61feb6a34b1878b512
NotePrebufferTime: 1000
TimeOffset: -140
Volume: 0.5
Difficulty:
- Overall: 41
  Chordjack: 42.55829544067383
  Handstream: 39.99689826965332
  Jack: 32.35410118103027
  Jumpstream: 43.18919906616211
  Stamina: 40.72976531982422
  Stream: 33.697801208496095
  Technical: 40.785301208496094
  Rate: 100
