Artist: BlackYooh vs. siromaru
AssetId: rbxassetid://10698108145
CoverImageAssetId: ''
Description: ''
Filename: XHAOS JUDGE
HitSFXGroup: 0
MD5Hash: 73a7c8b18853754b6e1fe2b89895cbbc
NotePrebufferTime: 1000
TimeOffset: -70
Volume: 0.5
Difficulty:
- Overall: 33
  Chordjack: 26.1521936416626
  Handstream: 32.79509925842285
  Jack: 23.105696868896484
  Jumpstream: 35.849696731567384
  Stamina: 31.501421356201174
  Stream: 33.011996841430665
  Technical: 35.330400466918945
  Rate: 100
