Artist: lapix
AssetId: rbxassetid://9512714032
CoverImageAssetId: ''
Description: ''
Filename: Nexta
HitSFXGroup: 0
Mapper: '[ A v a l o n ]'
MD5Hash: 77f6e24f2fa2e32a16c117659da06e4e
NotePrebufferTime: 1000
TimeOffset: -90
Volume: 0.5
Difficulty:
- Overall: 30
  Chordjack: 23.33159637451172
  Handstream: 28.94040184020996
  Jack: 21.803394699096682
  Jumpstream: 32.5908016204834
  Stamina: 31.464905548095704
  Stream: 30.057302856445315
  Technical: 30.942000961303712
  Rate: 100
