Artist: Kkrusty
AssetId: rbxassetid://10719236324
CoverImageAssetId: ''
Description: ''
Filename: A Quick Death
HitSFXGroup: 0
Mapper: YunoMaya
MD5Hash: cbe25305873ca627fcf07efe6a0ab07b
NotePrebufferTime: 1000
TimeOffset: -75
Volume: 0.5
Difficulty:
- Overall: 35
  Chordjack: 27.98279571533203
  Handstream: 23.417996978759767
  Jack: 24.322497940063478
  Jumpstream: 38.35529708862305
  Stamina: 35.462044143676756
  Stream: 37.047597885131836
  Technical: 38.43720016479492
  Rate: 100
