Artist: PinocchioP
AssetId: rbxassetid://10727736212
CoverImageAssetId: ''
Description: ''
Filename: Sick Sick Sick
HitSFXGroup: 0
MD5Hash: ea8177d86ccca0e03fae5dbe45f04ad6
NotePrebufferTime: 1000
TimeOffset: -70
Volume: 0.5
Difficulty:
- Overall: 28
  Chordjack: 24.2891939163208
  Handstream: 32.02470016479492
  Jack: 21.730496978759767
  Jumpstream: 37.82609596252441
  Stamina: 37.788272094726565
  Stream: 32.939095687866214
  Technical: 34.60679969787598
  Rate: 100
