Artist: DJ Genki VS Camellia feat. moimoi
AssetId: rbxassetid://1356719597
CoverImageAssetId: ''
Description: ''
Filename: Yell!
HitSFXGroup: 0
Mapper: '[Crz]Rachel'
MD5Hash: 02bc9fb6a91ecf5a7534fa3044abcbb3
NotePrebufferTime: 1000
TimeOffset: -75
Volume: 0.5
Difficulty:
- Overall: 49
  Chordjack: 37.078198242187504
  Handstream: 42.7814998626709
  Jack: 27.8855993270874
  Jumpstream: 43.327798461914064
  Stamina: 48.110988235473634
  Stream: 49.72679557800293
  Technical: 45.86039428710938
  Rate: 100
