Artist: Kobaryo
AssetId: rbxassetid://10049196464
CoverImageAssetId: ''
Description: ''
Filename: Glitched Character
HitSFXGroup: 0
Mapper: 'fuzzy1033'
MD5Hash: 13996ed63b718af3b71699eabefa81b7
NotePrebufferTime: 1000
TimeOffset: 390
Volume: 0.5
Difficulty:
- Overall: 44
  Chordjack: 36.47699890136719
  Handstream: 37.66679420471191
  Jack: 26.24850082397461
  Jumpstream: 38.582096099853516
  Stamina: 34.78514556884766
  Stream: 32.31449890136719
  Technical: 37.810797500610356
  Rate: 100
