Artist: DJ Sharpnel
AssetId: rbxassetid://13155529886
CoverImageAssetId: ''
Description: ''
Filename: Jersey Spirit
HitSFXGroup: 0
Mapper: IcyWorld
MD5Hash: 6a059e568591c19c28bf26c0b14aae30
NotePrebufferTime: 1000
TimeOffset: -75
Volume: 0.5
Difficulty:
- Overall: 38
  Chordjack: 27.165593147277832
  Handstream: 29.051995468139648
  Jack: 22.065298461914065
  Jumpstream: 40.37129859924317
  Stamina: 40.33093070983887
  Stream: 34.478997802734376
  Technical: 35.20349464416504
  Rate: 100
