Artist: Ruby my dear
AssetId: rbxassetid://10799521844
CoverImageAssetId: ''
Description: ''
Filename: Anemone
HitSFXGroup: 0
Mapper: Zailscode576
MD5Hash: ffd93ec0eaff52bf0f02be7ee6e4d6ae
NotePrebufferTime: 1000
TimeOffset: -75
Volume: 0.5
Difficulty:
- Overall: 48
  Chordjack: 38.34629516601563
  Handstream: 45.12689552307129
  Jack: 31.241697692871096
  Jumpstream: 45.961193847656254
  Stamina: 46.21492309570313
  Stream: 42.618600082397464
  Technical: 47.78549423217773
  Rate: 100
