Artist: antiPLUR
AssetId: rbxassetid://13866834277
CoverImageAssetId: ''
Description: ''
Filename: Runengon (HEAVY)
HitSFXGroup: 0
Mapper: Raveille
MD5Hash: 933157600c478c36ae4e98794ca6036b
NotePrebufferTime: 1000
TimeOffset: -75
Volume: 0.5
Difficulty:
- Overall: 17
  Chordjack: 11.828700542449951
  Handstream: 11.131200885772705
  Jack: 9.886499691009522
  Jumpstream: 20.883596992492677
  Stamina: 19.535759925842285
  Stream: 20.00789737701416
  Technical: 19.610096168518066
  Rate: 100
