Artist: Frums
AssetId: rbxassetid://10049207050
CoverImageAssetId: ''
Description: ''
Filename: Great Fury of Heaven
HitSFXGroup: 0
Mapper: Kamuy
MD5Hash: 9fad7d0cf68ef18d6804af2636515aea
NotePrebufferTime: 1000
TimeOffset: -70
Volume: 0.5
Difficulty:
- Overall: 43
  Chordjack: 32.05079956054688
  Handstream: 38.771998214721684
  Jack: 29.228404998779297
  Jumpstream: 40.58010063171387
  Stamina: 36.22170066833496
  Stream: 36.227698516845706
  Technical: 41.780696868896484
  Rate: 100
