Artist: Various Artist
AssetId: rbxassetid://0
CoverImageAssetId: ''
Description: ''
Filename: Cyclone of Jack Ver.2 Jack 3
HitSFXGroup: 0
Mapper: '[Crz]Rachel'
MD5Hash: 33bc97122872875feeda61f7b34b2217
NotePrebufferTime: 1000
TimeOffset: -75
Volume: 0.5
Difficulty:
- Overall: 56
  Chordjack: 55.44628829956055
  Handstream: 42.58889923095703
  Jack: 39.04289703369141
  Jumpstream: 43.39529914855957
  Stamina: 55.39084167480469
  Stream: 32.88239936828614
  Technical: 39.86279640197754
  Rate: 100
