Artist: Colorful Sounds Port
AssetId: rbxassetid://10049199759
CoverImageAssetId: ''
Description: ''
Filename: ETERNAL DRAIN (EXTRA)
HitSFXGroup: 0
Mapper: Wh1teh
MD5Hash: ce53c5c22124511476ecc1250b6a946f
NotePrebufferTime: 1000
TimeOffset: -100
Volume: 0.5
Difficulty:
- Overall: 44
  Chordjack: 35.40509376525879
  Handstream: 31.06259994506836
  Jack: 30.342600631713868
  Jumpstream: 48.29579887390137
  Stamina: 46.86599349975586
  Stream: 45.454497528076175
  Technical: 44.4590950012207
  Rate: 100
