Artist: M2U
AssetId: rbxassetid://0
CoverImageAssetId: ''
Description: ''
Filename: Myosotis (NO AUDIO)
HitSFXGroup: 0
Mapper: '- Ran Mitake -'
MD5Hash: d583d83574be45977df267408fea4f08
NotePrebufferTime: 1000
TimeOffset: -75
Volume: 0.5
Difficulty:
- Overall: 62
  Chordjack: 59.97150192260742
  Handstream: 37.78379859924316
  Jack: 34.25130271911621
  Jumpstream: 39.28229942321777
  Stamina: 56.89254570007324
  Stream: 32.0759994506836
  Technical: 36.71279640197754
  Rate: 100
