Artist: Unlucky Morpheus
AssetId: rbxassetid://9512601479
CoverImageAssetId: rbxassetid://8357242917
Description: ''
Filename: Dignity of Spirit (Speed up ver.) (Cut)
HitSFXGroup: 0
Mapper: Evening
MD5Hash: 755208ca784344e1d214ccdcb27c3846
NotePrebufferTime: 1000
TimeOffset: -70
Volume: 0.5
Difficulty:
- Overall: 74
  Chordjack: 51.26669082641602
  Handstream: 59.02198791503906
  Jack: 38.39489936828613
  Jumpstream: 60.19828720092774
  Stamina: 60.13808898925782
  Stream: 57.99778747558594
  Technical: 59.52599258422852
  Rate: 100
