Artist: Yuyoyuppe
AssetId: rbxassetid://10024411784
CoverImageAssetId: --FILL IN COVERART ASSETID HERE--
Description: ''
Filename: AiAe (LIGHT)
HitSFXGroup: 0
Mapper: Fullerene-
MD5Hash: 06cceeaa512871410510bb3b65754f01
NotePrebufferTime: 970
TimeOffset: -115
Volume: 0.5
Difficulty:
- Overall: 28
  Chordjack: 22.171496772766115
  Handstream: 27.86939277648926
  Jack: 21.916795921325683
  Jumpstream: 36.172797775268556
  Stamina: 36.13662872314453
  Stream: 34.47089538574219
  Technical: 33.812996292114256
  Rate: 100
