Artist: cYsmix
AssetId: rbxassetid://13873152536
CoverImageAssetId: ''
Description: ''
Filename: Peer Gynt (HEAVY)
HitSFXGroup: 0
Mapper: Destroyer5796
MD5Hash: 6354cf3b24d978a3f1398ea91404596b
NotePrebufferTime: 1000
TimeOffset: -75
Volume: 0.5
Difficulty:
- Overall: 14
  Chordjack: 9.447300624847413
  Handstream: 11.594700336456299
  Jack: 10.975499725341797
  Jumpstream: 16.928997802734376
  Stamina: 14.815418815612793
  Stream: 14.724000549316406
  Technical: 17.324098777770995
  Rate: 100
