Artist: Netrum
AssetId: rbxassetid://10023928856
CoverImageAssetId: rbxassetid://8359810730
Description: ''
Filename: Kinetic (Speed up ver.)
HitSFXGroup: 0
Mapper: Wafles
MD5Hash: 955ee5082f101e58b43cc65dc0b8b623
NotePrebufferTime: 1000
TimeOffset: -75
Volume: 0.5
Difficulty:
- Overall: 54
  Chordjack: 39.10500068664551
  Handstream: 34.38899917602539
  Jack: 31.222801208496094
  Jumpstream: 47.759398269653325
  Stamina: 52.73848114013672
  Stream: 57.34620208740235
  Technical: 55.635294342041014
  Rate: 100
