Artist: Poppin'Party
AssetId: rbxassetid://10080268729
CoverImageAssetId: ''
Description: ''
Filename: Light Delight
HitSFXGroup: 0
Mapper: BaniiYanii
MD5Hash: fb63cdcf0fd36b1fb1953fe064e2c662
NotePrebufferTime: 1000
TimeOffset: -75
Volume: 0.5
Difficulty:
- Overall: 34
  Chordjack: 27.771293449401856
  Handstream: 28.33019199371338
  Jack: 17.39069995880127
  Jumpstream: 30.900603103637696
  Stamina: 30.869704055786134
  Stream: 21.77819652557373
  Technical: 29.28780326843262
  Rate: 100
