Artist: Tribow
AssetId: rbxassetid://13646233497
CoverImageAssetId: ''
Description: ''
Filename: "Instyle Techniques\U0001F525"
HitSFXGroup: 0
Mapper: Tribow
MD5Hash: de7ca0dda9bb982780b9d570cb3500e3
NotePrebufferTime: 1000
TimeOffset: -75
Volume: 0.5
Difficulty:
- Overall: 28
  Chordjack: 24.470095825195312
  Handstream: 29.181599807739257
  Jack: 20.388597679138183
  Jumpstream: 30.713402938842773
  Stamina: 28.45638198852539
  Stream: 30.528901290893554
  Technical: 32.297401428222656
  Rate: 100
