Artist: Yooh
AssetId: rbxassetid://10698358857
CoverImageAssetId: ''
Description: ''
Filename: Chinese Tea Orchid Remix (LIGHT)
HitSFXGroup: 0
MD5Hash: 50d8c88d44d0487ae542feec6a51e23d
NotePrebufferTime: 1000
TimeOffset: -66
Volume: 0.5
Difficulty:
- Overall: 7
  Chordjack: 7.170300436019898
  Handstream: 7.068599653244019
  Jack: 6.740099859237671
  Jumpstream: 13.476599979400635
  Stamina: 12.450239181518555
  Stream: 11.637000274658204
  Technical: 13.103100013732911
  Rate: 100
