Artist: Hatsuki Yura
AssetId: rbxassetid://5842958971
CoverImageAssetId: ''
Description: Made by A_scend
Filename: Shoujo to Ougonryuu no Monogatari
HitSFXGroup: 0
Mapper: A_scend
MD5Hash: bc160552246ce7a61a97af9147852d3b
NotePrebufferTime: 1000
TimeOffset: -70
Volume: 0.5
Difficulty:
- Overall: 42
  Chordjack: 31.3533016204834
  Handstream: 44.390694808959964
  Jack: 24.577197074890137
  Jumpstream: 44.08649711608887
  Stamina: 44.346306610107426
  Stream: 37.927798461914065
  Technical: 41.53859939575195
  Rate: 100
