Artist: SAMBA MASTER -SATOH-
AssetId: rbxassetid://10017944381
CoverImageAssetId: rbxassetid://8359725925
Description: ''
Filename: Samba Land
HitSFXGroup: 0
Mapper: Harpy-
MD5Hash: c4712fedff790df7da817144428205c6
NotePrebufferTime: 1000
TimeOffset: -85
Volume: 0.5
Difficulty:
- Overall: 56
  Chordjack: 55.17179489135742
  Handstream: 32.03279914855957
  Jack: 32.71049766540528
  Jumpstream: 33.030900192260745
  Stamina: 53.9677001953125
  Stream: 29.77290458679199
  Technical: 34.71659774780274
  Rate: 100
