Artist: t+pazolite
AssetId: rbxassetid://10718729415
CoverImageAssetId: rbxassetid://6572885828
Description: Mapped by Lirai
Filename: Contrapasso -inferno-
HitSFXGroup: 0
Mapper: Lirai
MD5Hash: 23806a345f2d8863d7d7c710457e9750
NotePrebufferTime: 800
TimeOffset: -55
Volume: 0.5
Difficulty:
- Overall: 27
  Chordjack: 17.999996566772463
  Handstream: 16.569899368286134
  Jack: 13.94910135269165
  Jumpstream: 29.686500549316406
  Stamina: 28.108403778076173
  Stream: 26.549994850158694
  Technical: 26.441094589233398
  Rate: 100
