Artist: Sharlo & yealina
AssetId: rbxassetid://10698543358
CoverImageAssetId: ''
Description: ''
Filename: Kakushigoto (HEAVY)
HitSFXGroup: 0
MD5Hash: 99c48de89dca8f31daa3d32e5f576453
NotePrebufferTime: 1000
TimeOffset: -75
Volume: 0.5
Difficulty:
- Overall: 27
  Chordjack: 22.630495262145995
  Handstream: 30.70799903869629
  Jack: 21.254397583007812
  Jumpstream: 31.85190238952637
  Stamina: 28.905928802490234
  Stream: 28.800899505615234
  Technical: 32.02649917602539
  Rate: 100
