Artist: Sakuzyo
AssetId: rbxassetid://10023958266
CoverImageAssetId: rbxassetid://8357330170
Description: ''
Filename: Fracture Ray (HEAVY)
HitSFXGroup: 0
Mapper: rinstea
MD5Hash: 2c1c34b86e7d1730c4920a75a33b8e06
NotePrebufferTime: 1000
TimeOffset: -70
Volume: 0.5
Difficulty:
- Overall: 32
  Chordjack: 24.48359527587891
  Handstream: 28.981806564331055
  Jack: 25.20179557800293
  Jumpstream: 32.15789909362793
  Stamina: 29.612555694580077
  Stream: 28.193398475646973
  Technical: 33.90209884643555
  Rate: 100
