Artist: Izayoi Sak
AssetId: rbxassetid://10024698621
CoverImageAssetId: ''
Description: ''
Filename: Blue Planet (HEAVY)
HitSFXGroup: 0
Mapper: Shoegazer
MD5Hash: 2b8b69cd2252efbb90d2a63030772dfd
NotePrebufferTime: 1000
TimeOffset: -80
Volume: 0.5
Difficulty:
- Overall: 36
  Chordjack: 25.871395111083984
  Handstream: 32.50620002746582
  Jack: 23.039097404479982
  Jumpstream: 38.90159568786621
  Stamina: 38.57204360961914
  Stream: 41.274000549316405
  Technical: 40.155300521850585
  Rate: 100
