Artist: Freezer feat. Kiichigo
AssetId: rbxassetid://10043789263
CoverImageAssetId: ''
Description: ''
Filename: Berry Go!! (LN)
HitSFXGroup: 0
MD5Hash: 422e3a591710967a08d6a86f593c371a
NotePrebufferTime: 1000
TimeOffset: 685
Volume: 0.5
Difficulty:
- Overall: 0
  Chordjack: 23.79599533081055
  Handstream: 29.78730354309082
  Jack: 17.53289909362793
  Jumpstream: 34.2008960723877
  Stamina: 32.95817756652832
  Stream: 31.519799423217773
  Technical: 33.39269714355469
  Rate: 100
