Artist: Super Psychic Fujy & Le Oos-On
AssetId: rbxassetid://13867184482
CoverImageAssetId: ''
Description: ''
Filename: Dark Avatara Beam (Remix by Le Oos-On)
HitSFXGroup: 0
Mapper: yeahitsryan
MD5Hash: 15b1a85286300dbd1ed48fa4a8fc5b55
NotePrebufferTime: 1000
TimeOffset: -75
Volume: 0.5
Difficulty:
- Overall: 32
  Chordjack: 20.025897789001466
  Handstream: 18.157497596740722
  Jack: 19.522796058654787
  Jumpstream: 25.249496841430666
  Stamina: 33.790412521362306
  Stream: 35.403298187255864
  Technical: 33.5150951385498
  Rate: 100
