Artist: Camellia
AssetId: rbxassetid://9512663392
CoverImageAssetId: rbxassetid://8356769969
Description: ''
Filename: INSANE INFLAME (Introduction) + Neuro-cloud 9
HitSFXGroup: 0
Mapper: A_scend
MD5Hash: d88485ff33193188035e45461354cd23
NotePrebufferTime: 1000
TimeOffset: -75
Volume: 0.5
Difficulty:
- Overall: 48
  Chordjack: 33.35849876403809
  Handstream: 43.21529846191407
  Jack: 29.294995880126955
  Jumpstream: 46.18169631958008
  Stamina: 49.088579177856445
  Stream: 49.14899711608887
  Technical: 47.978997802734376
  Rate: 100
