Artist: Team Grimoire
AssetId: rbxassetid://10724383800
CoverImageAssetId: ''
Description: ''
Filename: ouroVoros (HEAVY)
HitSFXGroup: 0
Mapper: Slick6969
MD5Hash: a183ef2db8ef68081964774703135634
NotePrebufferTime: 1000
TimeOffset: -70
Volume: 0.5
Difficulty:
- Overall: 38
  Chordjack: 26.465393257141113
  Handstream: 34.3781982421875
  Jack: 27.975594520568848
  Jumpstream: 37.11149711608887
  Stamina: 34.003739547729495
  Stream: 34.028997802734374
  Technical: 37.88009719848633
  Rate: 100
