Artist: KopophobiA & Spacechimp
AssetId: rbxassetid://13872283247
CoverImageAssetId: ''
Description: ''
Filename: No time to die
HitSFXGroup: 0
Mapper: DannyPX
MD5Hash: 18591b2177030462650eb26129f59e43
NotePrebufferTime: 1000
TimeOffset: -75
Volume: 0.5
Difficulty:
- Overall: 70
  Chordjack: 46.22669219970703
  Handstream: 69.44938659667969
  Jack: 41.137196731567386
  Jumpstream: 57.97618560791016
  Stamina: 69.37993927001953
  Stream: 47.624396896362306
  Technical: 56.11499176025391
  Rate: 100
