Artist: HyuN
AssetId: rbxassetid://11714284464
CoverImageAssetId: ''
Description: ''
Filename: WE ARE NEVER ******* BACK OFF
HitSFXGroup: 0
Mapper: Blacku1
MD5Hash: 3418b222ae9824ca133c9e9ad54e4e73
NotePrebufferTime: 1000
TimeOffset: -75
Volume: 0.5
Difficulty:
- Overall: 46.01394195556641
  Chordjack: 45.324896621704106
  Handstream: 27.297894287109376
  Jack: 28.349100494384768
  Jumpstream: 30.187803268432617
  Stamina: 45.27957458496094
  Stream: 26.7614953994751
  Technical: 32.52689895629883
  Rate: 100
