Artist: Hige Driver
AssetId: rbxassetid://10017963774
CoverImageAssetId: rbxassetid://8359846263
Description: ''
Filename: Reflec Streamz
HitSFXGroup: 0
Mapper: ATTang
MD5Hash: af0b94811b7c93509b65f8254155ba21
NotePrebufferTime: 1000
TimeOffset: -70
Volume: 0.5
Difficulty:
- Overall: 54
  Chordjack: 39.87539978027344
  Handstream: 32.84279708862305
  Jack: 29.900699615478516
  Jumpstream: 38.802602005004886
  Stamina: 48.31860580444336
  Stream: 55.433698654174805
  Technical: 49.89419631958008
  Rate: 100
