Artist: SHIKI
AssetId: rbxassetid://10024425181
CoverImageAssetId: ''
Description: ''
Filename: Rose Quartz
HitSFXGroup: 0
Mapper: Ashimaru
MD5Hash: e5e0f2a722681e501bc67e3bb4eac69f
NotePrebufferTime: 1000
TimeOffset: -70
Volume: 0.7
Difficulty:
- Overall: 47
  Chordjack: 51.41429557800293
  Handstream: 38.44709815979004
  Jack: 31.47840156555176
  Jumpstream: 38.75219879150391
  Stamina: 48.43279838562012
  Stream: 28.822501373291015
  Technical: 34.07939758300781
  Rate: 100
