Artist: laura les
AssetId: rbxassetid://0
CoverImageAssetId: ''
Description: ''
Filename: Haunted (dive to the heart remix) (EXTRA IV) (NO AUDIO)
HitSFXGroup: 0
Mapper: Monheim
MD5Hash: 1ff864791fa67ca2356bb152ffe7e0e7
NotePrebufferTime: 1000
TimeOffset: -75
Volume: 0.5
Difficulty:
- Overall: 49
  Chordjack: 49.282199478149415
  Handstream: 33.79049491882324
  Jack: 32.47380065917969
  Jumpstream: 38.95290184020996
  Stamina: 45.22093162536621
  Stream: 28.401299285888673
  Technical: 33.42059898376465
  Rate: 100
