Artist: xi
AssetId: rbxassetid://13158965614
CoverImageAssetId: ''
Description: ''
Filename: Akasha
HitSFXGroup: 0
Mapper: flashnias
MD5Hash: ffc1cad83ec50c726bd80a54883a7d17
NotePrebufferTime: 1000
TimeOffset: -75
Volume: 0.5
Difficulty:
- Overall: 53
  Chordjack: 39.60179901123047
  Handstream: 40.65839881896973
  Jack: 35.01899642944336
  Jumpstream: 48.91769714355469
  Stamina: 52.28082504272461
  Stream: 56.367893600463866
  Technical: 51.14879379272461
  Rate: 100
