Artist: laura les
AssetId: rbxassetid://0
CoverImageAssetId: ''
Description: ''
Filename: Haunted (dive to the heart remix) (HEAVY) (NO AUDIO)
HitSFXGroup: 0
Mapper: Monheim
MD5Hash: 943b6d959263fc60edca3ef7e0091c87
NotePrebufferTime: 1000
TimeOffset: -75
Volume: 0.5
Difficulty:
- Overall: 20
  Chordjack: 22.36769714355469
  Handstream: 22.114795303344728
  Jack: 11.875499725341797
  Jumpstream: 22.794297981262208
  Stamina: 21.68089370727539
  Stream: 16.84079647064209
  Technical: 20.149198722839355
  Rate: 100
