Artist: Camellia
AssetId: rbxassetid://10049192977
CoverImageAssetId: ''
Description: ''
Filename: Feelin Sky (200STEPREMIX)
HitSFXGroup: 0
Mapper: 'Chrubble'
MD5Hash: c2e71a44836d965c36e852881f8d2c48
NotePrebufferTime: 1000
TimeOffset: -130
Volume: 0.5
Difficulty:
- Overall: 44
  Chordjack: 29.378694534301758
  Handstream: 33.147897720336914
  Jack: 24.398097610473634
  Jumpstream: 41.69429969787598
  Stamina: 41.6526065826416
  Stream: 38.29139785766602
  Technical: 40.26779708862305
  Rate: 100
