Artist: Frums
AssetId: rbxassetid://9512659488
CoverImageAssetId: rbxassetid://8351798382
Description: ''
Filename: We Want To Run
HitSFXGroup: 0
Mapper: A_scend
MD5Hash: da9f2621c361a477090915bfd5856d9a
NotePrebufferTime: 1000
TimeOffset: -75
Volume: 0.5
Difficulty:
- Overall: 44
  Chordjack: 33.70949478149414
  Handstream: 33.21810035705567
  Jack: 29.047497940063476
  Jumpstream: 50.25509376525879
  Stamina: 48.82393569946289
  Stream: 43.43849601745605
  Technical: 43.400696182250975
  Rate: 100
