Artist: david and the apocalypse
AssetId: rbxassetid://13867172077
CoverImageAssetId: ''
Description: ''
Filename: Far Away In The Blue Sky
HitSFXGroup: 0
Mapper: YunoMaya
MD5Hash: 491910102fa85f6e8e231327dd7dcc60
NotePrebufferTime: 1000
TimeOffset: -75
Volume: 0.5
Difficulty:
- Overall: 37
  Chordjack: 26.722794342041016
  Handstream: 33.85349464416504
  Jack: 20.124898338317873
  Jumpstream: 35.739895248413085
  Stamina: 38.93259773254395
  Stream: 40.6413013458252
  Technical: 37.46429557800293
  Rate: 100
