Artist: I.O
AssetId: rbxassetid://10070183852
CoverImageAssetId: ''
Description: ''
Filename: Lv.0 (EXTRA)
HitSFXGroup: 0
MD5Hash: ab3db0ab4eedeb7e646cf29a941c8674
NotePrebufferTime: 1000
TimeOffset: -70
Volume: 0.5
Difficulty:
- Overall: 37
  Chordjack: 33.935401153564456
  Handstream: 30.519902801513673
  Jack: 24.40169734954834
  Jumpstream: 33.554693984985356
  Stamina: 28.464688682556154
  Stream: 25.81289463043213
  Technical: 33.92999725341797
  Rate: 100
