Artist: 'Hanasaka Yui (CV: M.A.O)'
AssetId: rbxassetid://6908649963
CoverImageAssetId: ''
Description: ''
Filename: Harumachi Clover (LIGHT)
HitSFXGroup: 0
Mapper: Samanthability
MD5Hash: 2d175b5cd28cbc9aaf8b6cfe2ca3e878
NotePrebufferTime: 1000
TimeOffset: -75
Volume: 0.5
Difficulty:
- Overall: 25
  Chordjack: 18.70905418395996
  Handstream: 28.64809341430664
  Jack: 16.361414909362793
  Jumpstream: 27.475076293945314
  Stamina: 25.91763210296631
  Stream: 22.268947219848634
  Technical: 23.757438468933106
  Rate: 100
