Artist: Sharkey & Arkitech
AssetId: rbxassetid://10017698178
CoverImageAssetId: rbxassetid://8357084146
Description: ''
Filename: Quadraphinix
HitSFXGroup: 0
Mapper: Xayphon
MD5Hash: a7c4a656f38e71e697515975d733d23e
NotePrebufferTime: 1000
TimeOffset: -70
Volume: 0.5
Difficulty:
- Overall: 37
  Chordjack: 29.02950096130371
  Handstream: 41.67359733581543
  Jack: 25.40069618225098
  Jumpstream: 37.78379859924316
  Stamina: 39.55149879455566
  Stream: 30.527098846435546
  Technical: 35.66699752807617
  Rate: 100
