Artist: Daiki Kasho & Jonathan Underdown
AssetId: rbxassetid://13873082376
CoverImageAssetId: ''
Description: ''
Filename: Day to Live
HitSFXGroup: 0
Mapper: MintApril & Wiosna
MD5Hash: 911c90a60cc753a42e37ebba344da036
NotePrebufferTime: 1000
TimeOffset: -75
Volume: 0.5
Difficulty:
- Overall: 52
  Chordjack: 35.45549354553223
  Handstream: 48.32729530334473
  Jack: 29.00160255432129
  Jumpstream: 45.82979736328125
  Stamina: 47.49636154174805
  Stream: 50.921095275878905
  Technical: 48.524396896362305
  Rate: 100
