Artist: Camellia
AssetId: rbxassetid://10024114377
CoverImageAssetId: rbxassetid://8359953329
Description: ''
Filename: Dyscontrolled Galaxy (HEAVY)
HitSFXGroup: 0
Mapper: Jakads
MD5Hash: 87012a50c51c069d034ddad3e95b236c
NotePrebufferTime: 1000
TimeOffset: -70
Volume: 0.5
Difficulty:
- Overall: 44
  Chordjack: 37.31579818725586
  Handstream: 33.61499862670899
  Jack: 34.10279846191406
  Jumpstream: 42.49890060424805
  Stamina: 39.49033241271973
  Stream: 32.56469535827637
  Technical: 41.07689895629883
  Rate: 100
