Artist: M2U
AssetId: rbxassetid://10694178526
CoverImageAssetId: ''
Description: ''
Filename: Mare Maris
HitSFXGroup: 0
Mapper: 'horrortic'
MD5Hash: 0937d472779b9015a6467b23892b62fd
NotePrebufferTime: 1000
TimeOffset: -90
Volume: 0.5
Difficulty:
- Overall: 28
  Chordjack: 16.685097885131835
  Handstream: 21.0248966217041
  Jack: 15.848099327087402
  Jumpstream: 25.308895111083984
  Stamina: 23.247305488586427
  Stream: 23.451295852661133
  Technical: 26.09999485015869
  Rate: 100
