Artist: Amuro vs Killer
AssetId: rbxassetid://12781285427
CoverImageAssetId: ''
Description: ''
Filename: Mei (LIGHT)
HitSFXGroup: 0
Mapper: NoobMan3332
MD5Hash: 8141db0cc895faff602b0eb27efa106d
NotePrebufferTime: 1000
TimeOffset: -75
Volume: 0.5
Difficulty:
- Overall: 33
  Chordjack: 23.34869556427002
  Handstream: 22.781696319580078
  Jack: 20.104197692871093
  Jumpstream: 36.91799697875977
  Stamina: 34.61184997558594
  Stream: 33.2531982421875
  Technical: 31.428901290893556
  Rate: 100
