Artist: xi
AssetId: rbxassetid://10698193508
CoverImageAssetId: ''
Description: ''
Filename: Happy End Of The World
HitSFXGroup: 0
Mapper: 'Fullerene'
MD5Hash: 24b968320624851ef83b270eb1fdfcd8
NotePrebufferTime: 1000
TimeOffset: -75
Volume: 0.5
Difficulty:
- Overall: 32
  Chordjack: 22.214697074890136
  Handstream: 31.63410186767578
  Jack: 20.008795166015627
  Jumpstream: 33.863402938842775
  Stamina: 33.829541015625004
  Stream: 29.709901428222658
  Technical: 31.615201950073242
  Rate: 100
