Artist: DJ Sharpnel
AssetId: rbxassetid://9512586694
CoverImageAssetId: ''
Description: ''
Filename: Blue Noah 2006
HitSFXGroup: 0
Mapper: ATTang
MD5Hash: b3982eae835340df05cfc7dbeaa49c18
NotePrebufferTime: 1000
TimeOffset: -70
Volume: 0.5
Difficulty:
- Overall: 66
  Chordjack: 42.08849945068359
  Handstream: 35.372694396972655
  Jack: 37.67940101623535
  Jumpstream: 47.491197967529295
  Stamina: 54.58406066894531
  Stream: 60.10830230712891
  Technical: 54.42749519348145
  Rate: 100
