Artist: NIKO
AssetId: rbxassetid://13677199136
CoverImageAssetId: ''
Description: ''
Filename: Made of Fire
HitSFXGroup: 0
Mapper: Tachyon
MD5Hash: d8d1f6e6e8408f9cd07470b460a59399
NotePrebufferTime: 1000
TimeOffset: -75
Volume: 0.5
Difficulty:
- Overall: 45
  Chordjack: 46.843196868896484
  Handstream: 35.88119659423828
  Jack: 35.157599258422856
  Jumpstream: 39.88349876403809
  Stamina: 44.108895492553714
  Stream: 26.70659465789795
  Technical: 35.69310035705566
  Rate: 100
