Artist: Jun Kuroda + AAAA
AssetId: rbxassetid://10080197385
CoverImageAssetId: ''
Description: ''
Filename: Ultimate Fate (LIGHT)
HitSFXGroup: 0
MD5Hash: 0b4486baee2a8ff58c65a00f82d1b68e
NotePrebufferTime: 1000
TimeOffset: -1035
Volume: 0.5
Difficulty:
- Overall: 5
  Chordjack: 5.126400518417358
  Handstream: 5.109300041198731
  Jack: 3.924900484085083
  Jumpstream: 7.259402561187744
  Stamina: 8.106843280792237
  Stream: 9.106200885772706
  Technical: 9.04320116043091
  Rate: 100
