Artist: C-Show
AssetId: rbxassetid://10033004958
CoverImageAssetId: ''
Description: ''
Filename: On The FM
HitSFXGroup: 0
MD5Hash: 820870ce651018b64fcd1332afd9bdd7
NotePrebufferTime: 930
TimeOffset: 250
Volume: 0.5
Difficulty:
- Overall: 31
  Chordjack: 26.94869384765625
  Handstream: 25.975794410705568
  Jack: 20.124898338317873
  Jumpstream: 31.00500068664551
  Stamina: 28.983931732177734
  Stream: 22.03199615478516
  Technical: 29.44530258178711
  Rate: 100
