Artist: LeaF
AssetId: rbxassetid://10037990589
CoverImageAssetId: ''
Description: ''
Filename: Calamity Fortune
HitSFXGroup: 0
Mapper: 'Toylolliy'
MD5Hash: 68532ae369149c2964e325aabdcbde56
NotePrebufferTime: 1000
TimeOffset: -70
Volume: 0.5
Difficulty:
- Overall: 35
  Chordjack: 24.441296195983888
  Handstream: 22.326295852661133
  Jack: 24.0128963470459
  Jumpstream: 38.024996566772465
  Stamina: 33.470573043823244
  Stream: 33.47369728088379
  Technical: 37.401299285888676
  Rate: 100
