Artist: AeronMusic
AssetId: rbxassetid://1055013913
CoverImageAssetId: ''
Description: ''
Filename: Vigor
HitSFXGroup: 0
MD5Hash: ccb163d805768eb830d77ce74700cbbe
NotePrebufferTime: 1000
TimeOffset: -70
Volume: 0.5
Difficulty:
- Overall: 37
  Chordjack: 34.620295715332034
  Handstream: 28.48499279022217
  Jack: 23.364896965026855
  Jumpstream: 30.403804779052734
  Stamina: 32.93888969421387
  Stream: 24.39089469909668
  Technical: 28.743300247192384
  Rate: 100
