Artist: DJ Sharpnel
AssetId: rbxassetid://7913110127
CoverImageAssetId: ''
Description: ''
Filename: KLASSIKER EINHEIT
HitSFXGroup: 0
Mapper: IcyWorld
MD5Hash: aa42e43d8eb5e0a7a2019f48063696fa
NotePrebufferTime: 1000
TimeOffset: -75
Volume: 0.5
Difficulty:
- Overall: 37
  Chordjack: 28.936796951293946
  Handstream: 40.95719947814941
  Jack: 24.633896827697754
  Jumpstream: 40.38929901123047
  Stamina: 40.91624450683594
  Stream: 34.01099739074707
  Technical: 36.18089332580566
  Rate: 100
