Artist: void
AssetId: rbxassetid://6919498086
CoverImageAssetId: ''
Description: ''
Filename: Dedication
HitSFXGroup: 0
Mapper: A_scend
MD5Hash: 8f1016bf734b6b1591dbc8d8c491251e
NotePrebufferTime: 1000
TimeOffset: -75
Volume: 0.5
Difficulty:
- Overall: 30
  Chordjack: 21.454195976257324
  Handstream: 24.452994918823244
  Jack: 14.422499656677246
  Jumpstream: 30.379500961303712
  Stamina: 30.349123764038087
  Stream: 25.353896141052246
  Technical: 27.962095069885255
  Rate: 100
