Artist: Camellia
AssetId: rbxassetid://10156775384
CoverImageAssetId: ''
Description: ''
Filename: Exit This Earth's Atomosphere (200STEPREMIX) (LN)
HitSFXGroup: 0
Mapper: eZmmR
MD5Hash: 8ce43643bf1e0201ae4f1bdd40c26461
NotePrebufferTime: 1000
TimeOffset: 0
Volume: 0.5
Difficulty:
- Overall: 0
  Chordjack: 35.77139854431152
  Handstream: 43.631096649169926
  Jack: 28.839602279663087
  Jumpstream: 46.25639305114746
  Stamina: 46.21014060974121
  Stream: 39.291297912597656
  Technical: 44.218796539306645
  Rate: 100
