Artist: Master Stryker
AssetId: rbxassetid://2110696821
CoverImageAssetId: ''
Description: ''
Filename: Summer Heat (HEAVY)
HitSFXGroup: 0
MD5Hash: d2d141fe742ed2d471530b166265d362
NotePrebufferTime: 1000
TimeOffset: -70
Volume: 0.5
Difficulty:
- Overall: 14
  Chordjack: 7.273800659179687
  Handstream: 10.621800899505615
  Jack: 9.369900226593018
  Jumpstream: 13.4189998626709
  Stamina: 13.4021821975708
  Stream: 11.253600597381592
  Technical: 15.228000068664551
  Rate: 100
