Artist: Ron Wasserman
AssetId: rbxassetid://645493447
CoverImageAssetId: ''
Description: ''
Filename: Go Go Power Rangers (HEAVY)
HitSFXGroup: 0
Mapper: Rebound
MD5Hash: 69476cd9ca95d6c467f0bcc20dde7844
NotePrebufferTime: 1000
TimeOffset: -72
Volume: 0.85
Difficulty:
- Overall: 45
  Chordjack: 32.282185363769536
  Handstream: 26.526578521728517
  Jack: 34.3485523223877
  Jumpstream: 35.77413482666016
  Stamina: 39.51294021606446
  Stream: 43.76633834838867
  Technical: 45.026054763793944
  Rate: 100
