Artist: t+pazolite
AssetId: rbxassetid://10049045394
CoverImageAssetId: ''
Description: ''
Filename: QZKago Requiem (LIGHT)
HitSFXGroup: 0
Mapper: Slick6969
MD5Hash: 098bac80d7b0646f10d940fc9de2c9b1
NotePrebufferTime: 1000
TimeOffset: -70
Volume: 0.5
Difficulty:
- Overall: 27
  Chordjack: 22.634996223449708
  Handstream: 24.171295166015625
  Jack: 18.699298667907716
  Jumpstream: 33.37739868164063
  Stamina: 28.46235237121582
  Stream: 30.240002059936526
  Technical: 33.11819686889648
  Rate: 100
