Artist: Hatsune Miku
AssetId: rbxassetid://13582946709
CoverImageAssetId: ''
Description: ''
Filename: Ghost City Tokyo
HitSFXGroup: 0
Mapper: lgzzz
MD5Hash: d35434243449e869af0ff502db20b6b9
NotePrebufferTime: 1000
TimeOffset: -75
Volume: 0.5
Difficulty:
- Overall: 32
  Chordjack: 36.79379653930664
  Handstream: 32.47200164794922
  Jack: 19.944897651672363
  Jumpstream: 33.38460159301758
  Stamina: 34.90233535766602
  Stream: 24.15059452056885
  Technical: 28.637095069885255
  Rate: 100
