Artist: DBOYD x KOMMISSAR
AssetId: rbxassetid://10070101948
CoverImageAssetId: ''
Description: ''
Filename: Interstellar Retribution
HitSFXGroup: 0
MD5Hash: 2aca3c73758b1ae9e068a49aca07a162
NotePrebufferTime: 1000
TimeOffset: -70
Volume: 0.5
Difficulty:
- Overall: 39.371798324584965
  Chordjack: 27.208793449401856
  Handstream: 23.714995193481446
  Jack: 21.68009719848633
  Jumpstream: 35.371798324584965
  Stamina: 33.68419189453125
  Stream: 30.987000274658204
  Technical: 32.76629791259766
  Rate: 100
