Artist: DJ Sharpnel
AssetId: rbxassetid://10029204797
CoverImageAssetId: ''
Description: ''
Filename: Shine!!
HitSFXGroup: 0
MD5Hash: 07d230ade3b3cad8cbeb11275d143450
NotePrebufferTime: 1000
TimeOffset: -1110
Volume: 0.5
Difficulty:
- Overall: 41
  Chordjack: 29.662196731567384
  Handstream: 41.68079681396485
  Jack: 28.088994026184082
  Jumpstream: 43.53929901123047
  Stamina: 43.495762252807616
  Stream: 37.23389854431152
  Technical: 38.815195083618164
  Rate: 100
