Artist: LAST ALLIANCE
AssetId: rbxassetid://10698552237
CoverImageAssetId: --FILL IN COVERART ASSETID HERE--
Description: ''
Filename: HEKIREKI (HARD)
HitSFXGroup: 0
MD5Hash: 19e454ddf599d35e63bb29197d18401e
NotePrebufferTime: 1500
TimeOffset: -750
Volume: 0.5
Difficulty:
- Overall: 20
  Chordjack: 15.125070190429687
  Handstream: 15.801994514465333
  Jack: 15.003365707397462
  Jumpstream: 26.47020320892334
  Stamina: 24.225790786743165
  Stream: 24.032565307617187
  Technical: 24.45986309051514
  Rate: 100
