Artist: dbk2
AssetId: rbxassetid://10064854490
CoverImageAssetId: ''
Description: ''
Filename: The Devil Plays Dance Games (HEAVY)
HitSFXGroup: 0
Mapper: Shoegazer
MD5Hash: 332be12af6eca4ad099c7b5dac2efdcd
NotePrebufferTime: 1000
TimeOffset: -70
Volume: 0.5
Difficulty:
- Overall: 39
  Chordjack: 27.467993545532227
  Handstream: 37.177198791503905
  Jack: 22.198499107360842
  Jumpstream: 41.00580024719238
  Stamina: 38.38147201538086
  Stream: 38.71259994506836
  Technical: 38.10780258178711
  Rate: 100
