Artist: Various Artists
AssetId: rbxassetid://0
CoverImageAssetId: ''
Description: ''
Filename: Dan ~ REFORM ~ 2nd Pack Epsilon (no audio)
HitSFXGroup: 0
Mapper: DDMythical
MD5Hash: 0a36ab0f5e1599fd35d62d675a9ba767
NotePrebufferTime: 1000
TimeOffset: -75
Volume: 0.5
Difficulty:
- Overall: 80
  Chordjack: 58.073387145996094
  Handstream: 52.82459678649902
  Jack: 43.643696594238286
  Jumpstream: 58.6808967590332
  Stamina: 60.59304656982422
  Stream: 58.977891540527345
  Technical: 60.6536979675293
  Rate: 100
