Artist: xi
AssetId: rbxassetid://10698216402
CoverImageAssetId: ''
Description: ''
Filename: Wish Upon Twin Stars (LIGHT)
HitSFXGroup: 0
MD5Hash: db2159c096ee64f614d5109739c7076e
NotePrebufferTime: 1000
TimeOffset: -70
Volume: 0.5
Difficulty:
- Overall: 12
  Chordjack: 7.563601970672607
  Handstream: 7.59600133895874
  Jack: 7.116300487518311
  Jumpstream: 14.388302993774415
  Stamina: 12.145870685577393
  Stream: 13.39919958114624
  Technical: 14.408100700378418
  Rate: 100
