Artist: sakuzyo
AssetId: rbxassetid://10044086192
CoverImageAssetId: ''
Description: ''
Filename: Rainbow Night Sky Highway (HEAVY)
HitSFXGroup: 0
MD5Hash: 04eb5ea5ddf3e3c171a2d246e97d8708
NotePrebufferTime: 1000
TimeOffset: -140
Volume: 0.5
Difficulty:
- Overall: 24
  Chordjack: 19.471496772766113
  Handstream: 17.669697761535645
  Jack: 14.422499656677246
  Jumpstream: 30.707099533081056
  Stamina: 29.40289535522461
  Stream: 25.85789566040039
  Technical: 28.11599292755127
  Rate: 100
