Artist: Jea
AssetId: rbxassetid://10025067950
CoverImageAssetId: ''
Description: ''
Filename: Makiba
HitSFXGroup: 0
Mapper: ilikexd
MD5Hash: 6f6a37228420d5d3323b443382b28dac
NotePrebufferTime: 1000
TimeOffset: -70
Volume: 0.5
Difficulty:
- Overall: 46
  Chordjack: 32.86799697875977
  Handstream: 27.868494987487793
  Jack: 29.30310173034668
  Jumpstream: 39.738599395751955
  Stamina: 47.63187103271485
  Stream: 50.01119728088379
  Technical: 45.503098297119145
  Rate: 100
