Artist: Ariabl'eyeS
AssetId: rbxassetid://10727745081
CoverImageAssetId: ''
Description: ''
Filename: Senkou no Flare
HitSFXGroup: 0
Mapper: '[Crz]Rachel'
MD5Hash: e23c5d52b0092dbac15d8a260f909bd2
NotePrebufferTime: 1000
TimeOffset: -75
Volume: 0.5
Difficulty:
- Overall: 45
  Chordjack: 31.838399505615236
  Handstream: 46.25009651184082
  Jack: 28.196093559265137
  Jumpstream: 45.44369659423828
  Stamina: 46.20384750366211
  Stream: 39.39749450683594
  Technical: 40.392897033691405
  Rate: 100
