Artist: Tobu
AssetId: rbxassetid://10169173668
CoverImageAssetId: ''
Description: ''
Filename: Dusk (Radio Edit)
HitSFXGroup: 0
Mapper: MintApril
MD5Hash: 68f6948b622d875622c951812aceadd5
NotePrebufferTime: 1000
TimeOffset: -90
Volume: 0.5
Difficulty:
- Overall: 40
  Chordjack: 43.66529846191406
  Handstream: 31.083302307128907
  Jack: 27.72989559173584
  Jumpstream: 34.07039566040039
  Stamina: 41.976095581054686
  Stream: 24.731094932556154
  Technical: 30.42990074157715
  Rate: 100
