Artist: Unknown Artist
AssetId: rbxassetid://10799493570
CoverImageAssetId: ''
Description: ''
Filename: Yatsume Ana
HitSFXGroup: 0
Mapper: CrewK
MD5Hash: 2fe6e1f221066f176607f02f2f1b5a2a
NotePrebufferTime: 1000
TimeOffset: -75
Volume: 0.5
Difficulty:
- Overall: 48
  Chordjack: 48.08609733581543
  Handstream: 37.20329818725586
  Jack: 29.54700164794922
  Jumpstream: 36.06749382019043
  Stamina: 48.03801498413086
  Stream: 28.37699375152588
  Technical: 33.88229598999023
  Rate: 100
