Artist: ke-ji feat. Nanahira
AssetId: rbxassetid://9042605436
CoverImageAssetId: ''
Description: ''
Filename: Ange du Blanc Pur (LIGHT)
HitSFXGroup: 0
Mapper: Ska
MD5Hash: b9c794752baf11e986948c82ae1a93ed
NotePrebufferTime: 1000
TimeOffset: -75
Volume: 0.5
Difficulty:
- Overall: 42
  Chordjack: 31.336200714111328
  Handstream: 37.62719879150391
  Jack: 27.165593147277832
  Jumpstream: 42.733802032470706
  Stamina: 42.45922966003418
  Stream: 40.42079887390137
  Technical: 39.30659980773926
  Rate: 100
