Artist: Kobaryo
AssetId: rbxassetid://10024512970
CoverImageAssetId: ''
Description: ''
Filename: Kick To The Sky (HEAVY)
HitSFXGroup: 0
Mapper: KH_Supernova
MD5Hash: bbc950bbac14c844bacfc55eeb5ed7b9
NotePrebufferTime: 1000
TimeOffset: -70
Volume: 0.5
Difficulty:
- Overall: 47
  Chordjack: 42.207299423217776
  Handstream: 32.175899505615234
  Jack: 35.538299560546875
  Jumpstream: 42.14970016479492
  Stamina: 38.38140678405762
  Stream: 31.51709747314453
  Technical: 43.504197692871095
  Rate: 100
