Artist: Capchii
AssetId: rbxassetid://10693725668
CoverImageAssetId: ''
Description: ''
Filename: Candy Crisis!! (SECRET)
HitSFXGroup: 0
Mapper: frolica
MD5Hash: ac7570876c21ddc6983171f5e9542490
NotePrebufferTime: 1000
TimeOffset: -70
Volume: 0.5
Difficulty:
- Overall: 0
  Chordjack: 54.3095947265625
  Handstream: 49.53059692382813
  Jack: 39.046501922607426
  Jumpstream: 51.06509513854981
  Stamina: 51.751565551757814
  Stream: 33.46740074157715
  Technical: 46.56959953308105
  Rate: 100
