Artist: ELISA
AssetId: rbxassetid://9512597669
CoverImageAssetId: rbxassetid://8357027011
Description: ''
Filename: euphoric field (LIGHT)
HitSFXGroup: 0
Mapper: '[Crz]Sel'
MD5Hash: 3dbab9d79fce577ed92a3659fc078e79
NotePrebufferTime: 1000
TimeOffset: -70
Volume: 0.5
Difficulty:
- Overall: 54
  Chordjack: 35.79029846191406
  Handstream: 50.78249588012695
  Jack: 31.033802032470703
  Jumpstream: 44.19179763793945
  Stamina: 46.88256912231446
  Stream: 51.98579750061035
  Technical: 49.655700302124025
  Rate: 100
