Artist: Nekomata Master
AssetId: rbxassetid://10698120054
CoverImageAssetId: ''
Description: ''
Filename: Smile of Split
HitSFXGroup: 0
MD5Hash: a1af8fa464aaef01a968952b76951519
NotePrebufferTime: 1000
TimeOffset: -70
Volume: 0.5
Difficulty:
- Overall: 28
  Chordjack: 21.336297225952148
  Handstream: 31.462203598022462
  Jack: 17.36909637451172
  Jumpstream: 35.04239387512207
  Stamina: 35.00735092163086
  Stream: 30.107702636718752
  Technical: 32.53139991760254
  Rate: 100
