Artist: cosMoP@bousou P
AssetId: rbxassetid://10070080459
CoverImageAssetId: ''
Description: ''
Filename: GammaRay Burst
HitSFXGroup: 0
Mapper: Toylolliy
MD5Hash: 91e61788d7ae16c79a838776318b150e
NotePrebufferTime: 1000
TimeOffset: -365
Volume: 0.5
Difficulty:
- Overall: 39
  Chordjack: 25.81739387512207
  Handstream: 28.448993682861328
  Jack: 24.480896759033204
  Jumpstream: 39.64949684143067
  Stamina: 39.60984992980957
  Stream: 34.70939826965332
  Technical: 37.82519645690918
  Rate: 100
