Artist: Haywre
AssetId: rbxassetid://1221666953
CoverImageAssetId: ''
Description: ''
Filename: Insight (Meme) (NOOB)
HitSFXGroup: 0
Mapper: Nosteal
MD5Hash: e3dd0013efaedf9cda92cad0463d8e20
NotePrebufferTime: 1000
TimeOffset: -85
Volume: 0.6
Difficulty:
- Overall: 0
  Chordjack: 49.4693962097168
  Handstream: 31.58279914855957
  Jack: 41.543103790283205
  Jumpstream: 35.56349601745605
  Stamina: 46.87930068969727
  Stream: 30.717900466918945
  Technical: 39.03839950561524
  Rate: 100
