Artist: HanStone
AssetId: rbxassetid://10017848884
CoverImageAssetId: rbxassetid://8359721071
Description: ''
Filename: Death Melody (SECRET)
HitSFXGroup: 0
MD5Hash: e605ad761f9866c43cbf561b0066a3f0
NotePrebufferTime: 1000
TimeOffset: 1000
Volume: 0.5
Difficulty:
- Overall: 57
  Chordjack: 38.985297775268556
  Handstream: 58.029290771484376
  Jack: 32.963399505615236
  Jumpstream: 53.38169288635254
  Stamina: 57.97126922607422
  Stream: 39.438899230957034
  Technical: 47.050196456909184
  Rate: 100
