Artist: Machico
AssetId: rbxassetid://13025242194
CoverImageAssetId: ''
Description: ''
Filename: TOMORROW
HitSFXGroup: 0
Mapper: IceDynamix
MD5Hash: 60d5461383085c212568bb796091c447
NotePrebufferTime: 1000
TimeOffset: -75
Volume: 0.5
Difficulty:
- Overall: 46
  Chordjack: 46.446295166015624
  Handstream: 37.250099945068364
  Jack: 27.684894561767578
  Jumpstream: 35.147697830200194
  Stamina: 42.461598587036136
  Stream: 27.54269542694092
  Technical: 33.09029846191407
  Rate: 100
