Artist: The Ghost of 3.13
AssetId: rbxassetid://10027925367
CoverImageAssetId: ''
Description: ''
Filename: Forgotten (HEAVY)
HitSFXGroup: 0
Mapper: Shoegazer
MD5Hash: fbc49b7961bc4abadb011e2206f71ebd
NotePrebufferTime: 1000
TimeOffset: -75
Volume: 0.5
Difficulty:
- Overall: 45
  Chordjack: 41.26409912109375
  Handstream: 37.279797363281254
  Jack: 30.712500000000002
  Jumpstream: 43.14239730834961
  Stamina: 42.39272804260254
  Stream: 40.57289772033692
  Technical: 45.48239936828613
  Rate: 100
