Artist: PinnochioP
AssetId: rbxassetid://1285385680
CoverImageAssetId: ''
Description: ''
Filename: Common World Domination
HitSFXGroup: 0
MD5Hash: 109f386d0dd655c7c050132624af7909
NotePrebufferTime: 1000
TimeOffset: -70
Volume: 0.5
Difficulty:
- Overall: 25
  Chordjack: 21.04739627838135
  Handstream: 30.11220359802246
  Jack: 20.3471981048584
  Jumpstream: 33.42509651184082
  Stamina: 33.241353607177736
  Stream: 27.526494026184082
  Technical: 29.879101181030276
  Rate: 100
