Artist: BlackY
AssetId: rbxassetid://10698296702
CoverImageAssetId: ''
Description: ''
Filename: IKAROS DYNAMITE!!!! (LIGHT)
HitSFXGroup: 0
MD5Hash: 8a3107c587f703d802f4188e6eecc32e
NotePrebufferTime: 1000
TimeOffset: -70
Volume: 0.5
Difficulty:
- Overall: 18
  Chordjack: 14.00939998626709
  Handstream: 13.11569995880127
  Jack: 22.415396690368652
  Jumpstream: 21.24899711608887
  Stamina: 21.501835441589357
  Stream: 21.29219741821289
  Technical: 24.30629653930664
  Rate: 100
