Artist: 403 ERROR (xi vs. ZUMMER)
AssetId: rbxassetid://9512941503
CoverImageAssetId: ''
Description: ''
Filename: FORBIDDEN
HitSFXGroup: 0
Mapper: Shoegazer
MD5Hash: 3f0d503dcc1c4f27b6e27e3b695b70b4
NotePrebufferTime: 1000
TimeOffset: -725
Volume: 0.5
Difficulty:
- Overall: 44
  Chordjack: 33.40529708862305
  Handstream: 32.310001373291016
  Jack: 26.984703254699706
  Jumpstream: 50.546694946289065
  Stamina: 49.46038055419922
  Stream: 39.781799697875975
  Technical: 44.68859596252442
  Rate: 100
