Artist: maras k
AssetId: rbxassetid://10698492121
CoverImageAssetId: ''
Description: ''
Filename: Play Time!! (EXTRA)
HitSFXGroup: 0
MD5Hash: 6b7430d037a4f4d39a110b9bb59c9fde
NotePrebufferTime: 1000
TimeOffset: -70
Volume: 0.5
Difficulty:
- Overall: 26
  Chordjack: 21.19409637451172
  Handstream: 25.866895866394042
  Jack: 17.014498901367187
  Jumpstream: 28.919699478149415
  Stamina: 28.400739669799805
  Stream: 24.02549629211426
  Technical: 28.169994163513184
  Rate: 100
