Artist: Nekokaburi Cyclone
AssetId: rbxassetid://10694160202
CoverImageAssetId: ''
Description: ''
Filename: After Burner (HEAVY)
HitSFXGroup: 0
MD5Hash: 2567049700614c02873af10deff10b43
NotePrebufferTime: 1000
TimeOffset: -70
Volume: 0.5
Difficulty:
- Overall: 30
  Chordjack: 29.155500411987305
  Handstream: 33.54029502868652
  Jack: 20.772897720336914
  Jumpstream: 34.34759788513184
  Stamina: 32.73474311828613
  Stream: 26.970295715332032
  Technical: 33.410697555541994
  Rate: 100
