Artist: YST
AssetId: rbxassetid://10025062899
CoverImageAssetId: --FILL IN COVERART ASSETID HERE--
Description: ''
Filename: The Lost Dedicated (HEAVY)
HitSFXGroup: 0
Mapper: Zyph
MD5Hash: d1f7fa8670181d3c33e0cdb5dfbd02ea
NotePrebufferTime: 840
TimeOffset: -55
Volume: 0.5
Difficulty:
- Overall: 46
  Chordjack: 48.92579956054688
  Handstream: 34.46009788513184
  Jack: 35.954097747802734
  Jumpstream: 34.425000000000004
  Stamina: 45.425376892089844
  Stream: 27.27989387512207
  Technical: 32.823001098632815
  Rate: 100
