Artist: Toromaru
AssetId: rbxassetid://10080045994
CoverImageAssetId: ''
Description: ''
Filename: Shounen wa Sora o Tadoru (Prog Piano Remix)
HitSFXGroup: 0
Mapper: arpia97
MD5Hash: b865f05d97ba145e1d30f7c99bf999d1
NotePrebufferTime: 1000
TimeOffset: -75
Volume: 0.5
Difficulty:
- Overall: 36
  Chordjack: 39.823197555541995
  Handstream: 34.61219673156739
  Jack: 24.66089744567871
  Jumpstream: 36.70649642944336
  Stamina: 38.32209434509277
  Stream: 27.549893188476563
  Technical: 35.18549423217774
  Rate: 100
