Artist: Creo
AssetId: rbxassetid://12781325802
CoverImageAssetId: ''
Description: ''
Filename: Dimension
HitSFXGroup: 0
Mapper: ZirconEscalus
MD5Hash: 8713a599dae29f6009dd79b76955d698
NotePrebufferTime: 1000
TimeOffset: -75
Volume: 0.5
Difficulty:
- Overall: 34
  Chordjack: 36.717297363281254
  Handstream: 29.93130340576172
  Jack: 20.124898338317873
  Jumpstream: 31.272301483154298
  Stamina: 34.6463264465332
  Stream: 24.330595207214355
  Technical: 27.469794273376465
  Rate: 100
