Artist: CROOVE
AssetId: rbxassetid://10240815575
CoverImageAssetId: ''
Description: ''
Filename: Aquaris
HitSFXGroup: 0
Mapper: AirAqua
MD5Hash: a9dd07bf1adb0db74abc2dda1b625a11
NotePrebufferTime: 1000
TimeOffset: -75
Volume: 0.5
Difficulty:
- Overall: 42
  Chordjack: 44.960394287109374
  Handstream: 38.357096099853514
  Jack: 22.849195289611817
  Jumpstream: 37.726195907592775
  Stamina: 42.40935173034668
  Stream: 27.58139305114746
  Technical: 32.6879997253418
  Rate: 100
