Artist: Kobaryo
AssetId: rbxassetid://10049146040
CoverImageAssetId: ''
Description: ''
Filename: The Lightning Sword (ROFAST COOL GAMER)
HitSFXGroup: 0
Mapper: Lynessa
MD5Hash: 06d7f08235a4ae0ae4386af54ff97983
NotePrebufferTime: 1000
TimeOffset: -370
Volume: 0.5
Difficulty:
- Overall: 44
  Chordjack: 35.909994506835936
  Handstream: 35.378098297119145
  Jack: 28.420200920104982
  Jumpstream: 49.35239524841309
  Stamina: 49.303046035766606
  Stream: 35.421295166015625
  Technical: 42.672597885131836
  Rate: 100
