Artist: Akira Complex
AssetId: rbxassetid://9513150418
CoverImageAssetId: ''
Description: ''
Filename: The World Ends Now
HitSFXGroup: 0
Mapper: 'adamyes'
MD5Hash: e2baacdb9d2c4a3fd083b50f28950aec
NotePrebufferTime: 1000
TimeOffset: -70
Volume: 0.5
Difficulty:
- Overall: 37
  Chordjack: 23.29109630584717
  Handstream: 32.66190032958985
  Jack: 21.032097816467285
  Jumpstream: 32.347801208496094
  Stamina: 28.474025344848634
  Stream: 30.242700576782227
  Technical: 33.02009925842285
  Rate: 100
