Artist: Rika Mayama
AssetId: rbxassetid://9512740225
CoverImageAssetId: ''
Description: ''
Filename: Liar Mask
HitSFXGroup: 0
Mapper: A_scend
MD5Hash: 7aeecd1be59f902547c70ee65dbe26e8
NotePrebufferTime: 1000
TimeOffset: -70
Volume: 0.5
Difficulty:
- Overall: 39
  Chordjack: 26.690393257141114
  Handstream: 23.18309726715088
  Jack: 22.912195014953614
  Jumpstream: 34.44479942321777
  Stamina: 35.078851318359376
  Stream: 39.66750068664551
  Technical: 35.910897445678714
  Rate: 100
