Artist: MOSIAC.WAV
AssetId: rbxassetid://10698314080
CoverImageAssetId: --FILL IN COVERART ASSETID HERE--
Description: ''
Filename: Saikyou OX Keikaku
HitSFXGroup: 0
MD5Hash: 685b19c80f5e8cc4f530daa7fb617fba
NotePrebufferTime: 1020
TimeOffset: -70
Volume: 0.5
Difficulty:
- Overall: 25
  Chordjack: 21.247196388244628
  Handstream: 24.866994094848632
  Jack: 19.214097404479983
  Jumpstream: 32.567404174804686
  Stamina: 31.024834442138673
  Stream: 29.594702911376952
  Technical: 30.49380340576172
  Rate: 100
