Artist: TAG
AssetId: rbxassetid://10698137576
CoverImageAssetId: ''
Description: ''
Filename: GERBERA
HitSFXGroup: 0
MD5Hash: a1dd337a56a1a1c62474f833f09fda45
NotePrebufferTime: 1000
TimeOffset: -70
Volume: 0.9
Difficulty:
- Overall: 32
  Chordjack: 24.642895317077638
  Handstream: 29.702701950073244
  Jack: 23.364896965026855
  Jumpstream: 34.09379997253418
  Stamina: 31.47488250732422
  Stream: 30.393003845214846
  Technical: 34.491597747802736
  Rate: 100
