Artist: antiPLUR
AssetId: rbxassetid://13866834277
CoverImageAssetId: ''
Description: ''
Filename: Runengon (LIGHT)
HitSFXGroup: 0
Mapper: Raveille
MD5Hash: 0ed19ba7a5a3dfdf1f282a0e38eb578a
NotePrebufferTime: 1000
TimeOffset: -75
Volume: 0.5
Difficulty:
- Overall: 7
  Chordjack: 5.364000463485718
  Handstream: 5.395500326156617
  Jack: 7.812899780273438
  Jumpstream: 6.065100288391114
  Stamina: 8.02763614654541
  Stream: 9.745200920104981
  Technical: 9.891000652313233
  Rate: 100
