Artist: Susumu Hirasawa
AssetId: rbxassetid://10038017245
CoverImageAssetId: ''
Description: ''
Filename: Chaser
HitSFXGroup: 0
Mapper: Wh1teh
MD5Hash: 1476a06d34b86f9d11a5e2a78d355258
NotePrebufferTime: 1000
TimeOffset: -70
Volume: 0.5
Difficulty:
- Overall: 44
  Chordjack: 46.83779983520508
  Handstream: 34.2503963470459
  Jack: 27.382501029968264
  Jumpstream: 37.92599601745606
  Stamina: 46.79096374511719
  Stream: 27.74879379272461
  Technical: 33.30359802246094
  Rate: 100
