Artist: U1 Underground
AssetId: rbxassetid://10070256694
CoverImageAssetId: ''
Description: ''
Filename: Dopamine
HitSFXGroup: 0
Mapper: ArcadeSona
MD5Hash: 886c6a9d707ad48c6326745defb7a979
NotePrebufferTime: 790
TimeOffset: -135
Volume: 0.5
Difficulty:
- Overall: 37
  Chordjack: 27.83159465789795
  Handstream: 30.463203048706056
  Jack: 30.72509994506836
  Jumpstream: 39.54599876403809
  Stamina: 38.103511047363284
  Stream: 33.31889991760254
  Technical: 36.94679489135742
  Rate: 100
