Artist: "Camellia"
AssetId: rbxassetid://10718860259
CoverImageAssetId: rbxassetid://6647098208
Description: "SUPER TORNADOOOOOOOOOO"
Filename: Tornado
HitSFXGroup: 0
Mapper: 'inteliser'
MD5Hash: d5a77667c6051e54e8d4317ffeddf449
NotePrebufferTime: 800
TimeOffset: -110
Volume: 0.5
Difficulty:
- Overall: 52
  Chordjack: 39.14909362792969
  Handstream: 49.391994094848634
  Jack: 31.226399230957032
  Jumpstream: 49.38209609985352
  Stamina: 49.33271598815918
  Stream: 45.491397857666016
  Technical: 48.7943962097168
  Rate: 100
