Artist: Suzaku
AssetId: rbxassetid://10799495858
CoverImageAssetId: ''
Description: ''
Filename: CONTRACT
HitSFXGroup: 0
Mapper: NoobMan3332
MD5Hash: 7658c906bfc68992eeaf15cadc0b450a
NotePrebufferTime: 1000
TimeOffset: -75
Volume: 0.5
Difficulty:
- Overall: 28
  Chordjack: 21.611697006225587
  Handstream: 21.62699546813965
  Jack: 25.393496704101562
  Jumpstream: 28.077298736572267
  Stamina: 26.12599468231201
  Stream: 29.049303817749024
  Technical: 30.618003845214844
  Rate: 100
