Artist: antiPLUR
AssetId: rbxassetid://10025033142
CoverImageAssetId: ''
Description: ''
Filename: Clockwork Spooks
HitSFXGroup: 0
Mapper: YunoMaya
MD5Hash: 2e799a39c780ebc28ee612bb26adc969
NotePrebufferTime: 1000
TimeOffset: -90
Volume: 0.5
Difficulty:
- Overall: 46
  Chordjack: 32.76450233459473
  Handstream: 27.227693367004395
  Jack: 27.431994438171387
  Jumpstream: 51.12989730834961
  Stamina: 50.74376907348633
  Stream: 46.19699821472168
  Technical: 42.716697692871094
  Rate: 100
