Artist: Nanahira
AssetId: rbxassetid://10698479516
CoverImageAssetId: ''
Description: ''
Filename: Viva Happy (LN)
HitSFXGroup: 0
MD5Hash: 160a63ea3b227ed12fff3637b8770c92
NotePrebufferTime: 1000
TimeOffset: -70
Volume: 0.5
Difficulty:
- Overall: 0
  Chordjack: 18.58589916229248
  Handstream: 26.23769474029541
  Jack: 17.678699684143066
  Jumpstream: 29.713499450683596
  Stamina: 28.198931121826174
  Stream: 27.646193504333496
  Technical: 28.407599258422852
  Rate: 100
