Artist: Demetori
AssetId: rbxassetid://13872213355
CoverImageAssetId: ''
Description: ''
Filename: Heartfelt Fancy ~ Prie a Dieu (LIGHT)
HitSFXGroup: 0
Mapper: Evening
MD5Hash: cf1502181b72a06cba5912d078018874
NotePrebufferTime: 1000
TimeOffset: -75
Volume: 0.5
Difficulty:
- Overall: 35
  Chordjack: 31.220102691650393
  Handstream: 24.419694328308108
  Jack: 25.26569480895996
  Jumpstream: 35.06489524841309
  Stamina: 33.561563873291014
  Stream: 35.65260200500489
  Technical: 33.39539909362793
  Rate: 100
