Artist: Master Stryker
AssetId: rbxassetid://2110696821
CoverImageAssetId: ''
Description: ''
Filename: Summer Heat (LIGHT)
HitSFXGroup: 0
MD5Hash: eb578e8ed5b54e4a82c99976833f5193
NotePrebufferTime: 1000
TimeOffset: -70
Volume: 0.5
Difficulty:
- Overall: 8
  Chordjack: 5.355000257492065
  Handstream: 6.907500171661377
  Jack: 5.350500154495239
  Jumpstream: 10.367100906372071
  Stamina: 8.691847229003907
  Stream: 10.076400947570802
  Technical: 11.016900157928466
  Rate: 100
