Artist: Silvia
AssetId: rbxassetid://13867335605
CoverImageAssetId: ''
Description: ''
Filename: Vertex BETA
HitSFXGroup: 0
Mapper: yeahitsryan
MD5Hash: 8c7518d2fba522b2f6a18373ab40086c
NotePrebufferTime: 1000
TimeOffset: -75
Volume: 0.5
Difficulty:
- Overall: 37
  Chordjack: 25.84259548187256
  Handstream: 22.69889545440674
  Jack: 22.141795921325684
  Jumpstream: 39.36059761047363
  Stamina: 38.942478561401366
  Stream: 36.68849601745605
  Technical: 34.20179901123047
  Rate: 100
