Artist: Danny Baranowsky
AssetId: rbxassetid://10049143519
CoverImageAssetId: ''
Description: ''
Filename: The Battle of Lil' Slugger (Ch 1 Boss Extended Cut) (250bpm)
HitSFXGroup: 0
Mapper: Trixta
MD5Hash: 24e5326514e2098df9529a0054e4935d
NotePrebufferTime: 1000
TimeOffset: -300
Volume: 0.5
Difficulty:
- Overall: 44
  Chordjack: 26.27369384765625
  Handstream: 25.077593421936037
  Jack: 25.179301071166993
  Jumpstream: 41.41170043945313
  Stamina: 38.5498649597168
  Stream: 42.93809967041016
  Technical: 41.39909706115723
  Rate: 100
