Artist: t+pazolite
AssetId: rbxassetid://10724376679
CoverImageAssetId: ''
Description: ''
Filename: Garakuta Doll Play (HEAVY)
HitSFXGroup: 0
Mapper: Caput Mortuum
MD5Hash: 242eab2946c7082b9a09b07210d19801
NotePrebufferTime: 1000
TimeOffset: -365
Volume: 0.8
Difficulty:
- Overall: 23
  Chordjack: 19.71719741821289
  Handstream: 20.760297775268555
  Jack: 17.66249828338623
  Jumpstream: 30.24990005493164
  Stamina: 28.577945709228516
  Stream: 25.4582971572876
  Technical: 28.104299354553223
  Rate: 100
