Artist: Minase Inori, Kubo Yurika
AssetId: rbxassetid://9512733410
CoverImageAssetId: ''
Description: ''
Filename: Ugoku, Ugoku (HEAVY)
HitSFXGroup: 0
MD5Hash: c54585e624d7fa8369d91d887917865a
NotePrebufferTime: 1000
TimeOffset: -70
Volume: 0.5
Difficulty:
- Overall: 37
  Chordjack: 33.77519645690918
  Handstream: 29.991601181030273
  Jack: 22.787096786499024
  Jumpstream: 31.271401977539064
  Stamina: 30.510979843139648
  Stream: 24.24869556427002
  Technical: 29.516401290893555
  Rate: 100
