Artist: TAK ft. Miu, Sella & Delphine
AssetId: rbxassetid://13149102946
CoverImageAssetId: ''
Description: ''
Filename: Can You Interpret?
HitSFXGroup: 0
Mapper: A_scend
MD5Hash: 4752829583c8d0b2cefa554315068600
NotePrebufferTime: 1000
TimeOffset: -75
Volume: 0.5
Difficulty:
- Overall: 42
  Chordjack: 27.23939380645752
  Handstream: 36.71369934082031
  Jack: 20.384098434448244
  Jumpstream: 40.502695083618164
  Stamina: 38.36657180786133
  Stream: 41.00129928588867
  Technical: 40.356000137329104
  Rate: 100
