Artist: Kobaryo
AssetId: rbxassetid://10025117794
CoverImageAssetId: ''
Description: ''
Filename: Cartoon Candy (LIGHT)
HitSFXGroup: 0
Mapper: Virtue
MD5Hash: 64597ffee6f7078735a9624322d15c3c
NotePrebufferTime: 1000
TimeOffset: -150
Volume: 0.5
Difficulty:
- Overall: 37
  Chordjack: 25.585194396972657
  Handstream: 29.989805603027346
  Jack: 22.457697486877443
  Jumpstream: 33.06419906616211
  Stamina: 30.60296974182129
  Stream: 31.01130065917969
  Technical: 34.73460159301758
  Rate: 100
