Artist: Night Tempo
AssetId: rbxassetid://13642054335
CoverImageAssetId: ''
Description: ''
Filename: Suki? Suki! (w/ Tomggg)
HitSFXGroup: 0
Mapper: '[LS]SureFir3'
MD5Hash: 7b6dd921693c1021e57377f379c61ec4
NotePrebufferTime: 1000
TimeOffset: -75
Volume: 0.5
Difficulty:
- Overall: 44
  Chordjack: 29.719802856445312
  Handstream: 25.416894149780273
  Jack: 22.445097541809083
  Jumpstream: 42.06599807739258
  Stamina: 43.39776077270508
  Stream: 43.4411979675293
  Technical: 40.59089813232422
  Rate: 100
