Artist: Gram (DJ Genki)
AssetId: rbxassetid://10697958227
CoverImageAssetId: ''
Description: ''
Filename: Nibelungen (LN)
HitSFXGroup: 0
Mapper: wolfyou
MD5Hash: d86112a55a78d924549a97c9b5c3388a
NotePrebufferTime: 1000
TimeOffset: -70
Volume: 0.5
Difficulty:
- Overall: 0
  Chordjack: 28.65509548187256
  Handstream: 26.890193367004397
  Jack: 25.115394973754885
  Jumpstream: 41.315401840209965
  Stamina: 39.060488891601565
  Stream: 39.140098571777344
  Technical: 38.06549835205078
  Rate: 100
