Artist: Helblinde
AssetId: rbxassetid://10036560497
CoverImageAssetId: --FILL IN COVERART ASSETID HERE--
Description: ''
Filename: Grief & Malice
HitSFXGroup: 0
MD5Hash: 5d1d4e8c856a12068237dbf9c03e7cc8
NotePrebufferTime: 870
TimeOffset: -75
Volume: 0.5
Difficulty:
- Overall: 33
  Chordjack: 27.522894287109377
  Handstream: 25.67879447937012
  Jack: 19.931396484375
  Jumpstream: 37.126795578002934
  Stamina: 36.03247146606446
  Stream: 33.33959884643555
  Technical: 32.47649917602539
  Rate: 100
