Artist: Hatsuki Yura
AssetId: rbxassetid://7316393956
CoverImageAssetId: ''
Description: ''
Filename: Snow Veil -Shoujo to Kemono no Mori-
HitSFXGroup: 0
Mapper: A_scend
MD5Hash: 688614cca7d392d1a7280a4796806580
NotePrebufferTime: 1000
TimeOffset: -75
Volume: 0.5
Difficulty:
- Overall: 46
  Chordjack: 32.40809898376465
  Handstream: 30.096002197265626
  Jack: 26.07209644317627
  Jumpstream: 40.47660255432129
  Stamina: 40.991528320312504
  Stream: 46.19249725341797
  Technical: 41.74740142822266
  Rate: 100
