Artist: Morimori Atsushi + Verdammt
AssetId: rbxassetid://10065385086
CoverImageAssetId: ''
Description: ''
Filename: Le Fruit Defendu (HEAVY)
HitSFXGroup: 0
Mapper: 'Valentrixe'
MD5Hash: e501999799e25655202996a3d8591b64
NotePrebufferTime: 1000
TimeOffset: -1170
Volume: 0.5
Difficulty:
- Overall: 32
  Chordjack: 25.347596168518066
  Handstream: 29.7594051361084
  Jack: 23.3378963470459
  Jumpstream: 36.704697418212895
  Stamina: 34.95904541015625
  Stream: 32.08680038452149
  Technical: 34.7993968963623
  Rate: 100
