Artist: Noah
AssetId: rbxassetid://13872688292
CoverImageAssetId: ''
Description: ''
Filename: Koiro Master Spark
HitSFXGroup: 0
Mapper: '[Crz]Serika'
MD5Hash: 5cc78f4291d0d64d06604cfb1c4d4ecb
NotePrebufferTime: 1000
TimeOffset: -75
Volume: 0.5
Difficulty:
- Overall: 63
  Chordjack: 39.298500823974614
  Handstream: 46.29060173034668
  Jack: 34.865095138549805
  Jumpstream: 60.96599807739258
  Stamina: 60.300096130371095
  Stream: 51.64649505615235
  Technical: 52.999193572998045
  Rate: 100
