Artist: Chroma
AssetId: rbxassetid://10046487455
CoverImageAssetId: ''
Description: ''
Filename: Black Emperor (EXTRA)
HitSFXGroup: 0
MD5Hash: c16334cc8d00e87a7b92362e139bf733
NotePrebufferTime: 1000
TimeOffset: -70
Volume: 0.5
Difficulty:
- Overall: 33
  Chordjack: 23.443195152282716
  Handstream: 30.5658016204834
  Jack: 23.247896003723145
  Jumpstream: 33.99479942321778
  Stamina: 31.647566986083984
  Stream: 32.01120071411133
  Technical: 34.12619590759277
  Rate: 100
