Artist: rei sirose
AssetId: rbxassetid://13867573030
CoverImageAssetId: ''
Description: ''
Filename: Lost Umbrella (Cut Ver.)(EXTRA V)
HitSFXGroup: 0
Mapper: STEPDWI
MD5Hash: cae5ecabd4fe3b6a38dc68e8b8f6f72f
NotePrebufferTime: 1000
TimeOffset: -75
Volume: 0.5
Difficulty:
- Overall: 49
  Chordjack: 51.84179763793946
  Handstream: 33.04529914855957
  Jack: 29.49210090637207
  Jumpstream: 33.220798873901366
  Stamina: 49.87229919433594
  Stream: 26.74259376525879
  Technical: 31.50270195007324
  Rate: 100
