Artist: rei sirose
AssetId: rbxassetid://13867573030
CoverImageAssetId: ''
Description: ''
Filename: Lost Umbrella (Cut Ver.)(LIGHT)
HitSFXGroup: 0
Mapper: Maxim
MD5Hash: 0344fde0021868ece6a04ac9be5962b1
NotePrebufferTime: 1000
TimeOffset: -75
Volume: 0.5
Difficulty:
- Overall: 7
  Chordjack: 5.283000326156617
  Handstream: 5.650200319290161
  Jack: 4.647600889205933
  Jumpstream: 10.156500720977784
  Stamina: 8.816570377349853
  Stream: 9.405000686645508
  Technical: 9.86940050125122
  Rate: 100
