Artist: M2U
AssetId: rbxassetid://0
CoverImageAssetId: ''
Description: ''
Filename: Magnolia (NO AUDIO)
HitSFXGroup: 0
Mapper: '- Ran Mitake -'
MD5Hash: ee9da23214550add3a870d2d82ef5985
NotePrebufferTime: 1000
TimeOffset: -75
Volume: 0.5
Difficulty:
- Overall: 62
  Chordjack: 59.66729736328125
  Handstream: 38.789998626708986
  Jack: 35.941501235961915
  Jumpstream: 39.62340087890625
  Stamina: 56.58240509033203
  Stream: 31.96439895629883
  Technical: 36.76319961547852
  Rate: 100
