Artist: Rairyu
AssetId: rbxassetid://10064839138
CoverImageAssetId: ''
Description: ''
Filename: ra'am (LIGHT)
HitSFXGroup: 0
Mapper: Starry
MD5Hash: 9c318a1ae28d4272e47b2647a60c94f2
NotePrebufferTime: 1000
TimeOffset: -70
Volume: 0.5
Difficulty:
- Overall: 28
  Chordjack: 29.266204833984375
  Handstream: 28.322992515563964
  Jack: 18.430198860168456
  Jumpstream: 35.20169563293457
  Stamina: 33.46849250793457
  Stream: 29.283302307128906
  Technical: 32.92829818725586
  Rate: 100
