Artist: t+pazolite & C-Show
AssetId: rbxassetid://10049201620
CoverImageAssetId: ''
Description: ''
Filename: Juggler's Madness (LIGHT)
HitSFXGroup: 0
Mapper: Slick6969
MD5Hash: a7ee9056697d839762aa596de8838f80
NotePrebufferTime: 1000
TimeOffset: -75
Volume: 0.5
Difficulty:
- Overall: 24
  Chordjack: 18.40679798126221
  Handstream: 26.049595069885253
  Jack: 18.24749794006348
  Jumpstream: 25.047896003723146
  Stamina: 23.8177791595459
  Stream: 24.82199649810791
  Technical: 26.79749622344971
  Rate: 100
