Artist: Camellia ft. Camellia
AssetId: rbxassetid://10811817414
CoverImageAssetId: ''
Description: ''
Filename: Hirugaeru Tsubasa Oikakete
HitSFXGroup: 0
Mapper: A_scend
MD5Hash: 5cb805b357ffb5f0da416a8c9db755d4
NotePrebufferTime: 1000
TimeOffset: -75
Volume: 0.5
Difficulty:
- Overall: 0
  Chordjack: 35.41679763793945
  Handstream: 43.169399642944335
  Jack: 27.413096237182618
  Jumpstream: 44.310597610473636
  Stamina: 43.08837547302246
  Stream: 37.99799423217774
  Technical: 42.28649711608887
  Rate: 100
