Artist: P^Light
AssetId: rbxassetid://10698297773
CoverImageAssetId: ''
Description: ''
Filename: 2 MINUTE FIGHTERS (LIGHT)
HitSFXGroup: 0
MD5Hash: ac604461fec0cbf55202b612fe1b5208
NotePrebufferTime: 900
TimeOffset: -80
Volume: 0.5
Difficulty:
- Overall: 19
  Chordjack: 14.76090259552002
  Handstream: 13.858199787139894
  Jack: 12.089698791503906
  Jumpstream: 24.723897171020507
  Stamina: 22.49865760803223
  Stream: 22.54859561920166
  Technical: 23.61779537200928
  Rate: 100
