Artist: Such & PSYQUI
AssetId: rbxassetid://10049209810
CoverImageAssetId: ''
Description: ''
Filename: Secret Dance Hall
HitSFXGroup: 0
Mapper: Kroly-
MD5Hash: 4431c5310f7b73e7c55e9a95f1ecd0d0
NotePrebufferTime: 1000
TimeOffset: -75
Volume: 0.5
Difficulty:
- Overall: 45
  Chordjack: 44.213399505615236
  Handstream: 31.518000411987305
  Jack: 31.382102966308594
  Jumpstream: 32.89589881896973
  Stamina: 41.67951965332031
  Stream: 26.828994369506837
  Technical: 31.021202087402344
  Rate: 100
