Artist: Laur
AssetId: rbxassetid://9512620160
CoverImageAssetId: ''
Description: ''
Filename: A Lasting Promise (LIGHT)
HitSFXGroup: 0
Mapper: SunsetKR
MD5Hash: 717d97b25e0e9fd8868d740114b8b24c
NotePrebufferTime: 1000
TimeOffset: -140
Volume: 0.5
Difficulty:
- Overall: 28
  Chordjack: 22.037394905090334
  Handstream: 26.454594039916994
  Jack: 20.121298599243165
  Jumpstream: 32.582695770263676
  Stamina: 28.556026268005372
  Stream: 31.984198379516602
  Technical: 32.22629928588867
  Rate: 100
