Artist: laura les
AssetId: rbxassetid://0
CoverImageAssetId: ''
Description: ''
Filename: Haunted (dive to the heart remix) (EXTRA V) (NO AUDIO)
HitSFXGroup: 0
Mapper: Monheim
MD5Hash: 2faaef295a1bc428bc003c99ae7e34e1
NotePrebufferTime: 1000
TimeOffset: -75
Volume: 0.5
Difficulty:
- Overall: 53
  Chordjack: 57.242697143554686
  Handstream: 33.22529983520508
  Jack: 39.48299903869629
  Jumpstream: 37.89359664916992
  Stamina: 52.402505493164064
  Stream: 32.50799903869629
  Technical: 36.57959747314453
  Rate: 100
