Artist: Dreamcatcher
AssetId: rbxassetid://13877256376
CoverImageAssetId: ''
Description: ''
Filename: You and I
HitSFXGroup: 0
Mapper: Ska
MD5Hash: 91d939a813f4f6649e5dac56b4a2e5f0
NotePrebufferTime: 1000
TimeOffset: -75
Volume: 0.5
Difficulty:
- Overall: 46
  Chordjack: 31.95450096130371
  Handstream: 29.297697830200196
  Jack: 24.632096099853516
  Jumpstream: 39.634201812744145
  Stamina: 44.90373229980469
  Stream: 47.71529846191407
  Technical: 44.899197006225585
  Rate: 100
