Artist: Various Artists
AssetId: rbxassetid://0
CoverImageAssetId: ''
Description: ''
Filename: Dan ~ REFORM ~ 2nd Pack Delta (no audio)
HitSFXGroup: 0
Mapper: DDMythical
MD5Hash: 55a04ff31abdfd60da98f7e100f9a063
NotePrebufferTime: 1000
TimeOffset: -75
Volume: 0.5
Difficulty:
- Overall: 64
  Chordjack: 47.702691650390626
  Handstream: 52.919992446899414
  Jack: 36.338396072387695
  Jumpstream: 57.48659706115723
  Stamina: 55.98245544433594
  Stream: 56.038492584228514
  Technical: 55.577691650390626
  Rate: 100
