Artist: kors k
AssetId: rbxassetid://10719067742
CoverImageAssetId: --FILL IN COVERART ASSETID HERE--
Description: ''
Filename: Monkey Business
HitSFXGroup: 0
MD5Hash: 0e883bf565452e9cbaf13af88c6f0ef5
NotePrebufferTime: 910
TimeOffset: -82
Volume: 0.5
Difficulty:
- Overall: 33
  Chordjack: 17.487898063659667
  Handstream: 18.957595825195312
  Jack: 39.10679969787598
  Jumpstream: 26.16389579772949
  Stamina: 23.151226615905763
  Stream: 26.943296813964846
  Technical: 30.02310104370117
  Rate: 100
