Artist: Silentroom
AssetId: rbxassetid://9512728478
CoverImageAssetId: ''
Description: ''
Filename: Protoflicker
HitSFXGroup: 0
Mapper: A_scend
MD5Hash: ce4ccc04e2d8a10a60592a83bbf250bf
NotePrebufferTime: 1000
TimeOffset: -75
Volume: 0.5
Difficulty:
- Overall: 37
  Chordjack: 38.71620140075684
  Handstream: 29.707202911376953
  Jack: 21.46319618225098
  Jumpstream: 32.93460159301758
  Stamina: 36.38100929260254
  Stream: 23.404497528076174
  Technical: 27.038694190979005
  Rate: 100
