Artist: YUC'e
AssetId: rbxassetid://13876786007
CoverImageAssetId: ''
Description: ''
Filename: Future Candy
HitSFXGroup: 0
Mapper: Leo137
MD5Hash: a60df4927f8bf1519af2c0102c3d59f4
NotePrebufferTime: 1000
TimeOffset: -120
Volume: 0.5
Difficulty:
- Overall: 38
  Chordjack: 29.69549903869629
  Handstream: 26.204394149780274
  Jack: 24.43499622344971
  Jumpstream: 41.26500205993653
  Stamina: 42.29542694091797
  Stream: 45.767700576782225
  Technical: 44.563499450683594
  Rate: 100
