Artist: Hiroshi Yamaguchi
AssetId: rbxassetid://13867341250
CoverImageAssetId: ''
Description: ''
Filename: Fly Me To The Moon (Infinite Climax Mix) (Cut Ver.)
HitSFXGroup: 0
Mapper: Ska
MD5Hash: ef078b5f541fd11b1e0e74a764656891
NotePrebufferTime: 1000
TimeOffset: -75
Volume: 0.5
Difficulty:
- Overall: 47
  Chordjack: 32.64209747314453
  Handstream: 42.551095962524414
  Jack: 26.576094245910646
  Jumpstream: 44.4068962097168
  Stamina: 45.49700088500977
  Stream: 46.50749588012695
  Technical: 44.9243968963623
  Rate: 100
