Artist: Never Get Used To People
AssetId: rbxassetid://1832421654
CoverImageAssetId: ''
Description: ''
Filename: Life Letters (Slow down ver.)
HitSFXGroup: 0
MD5Hash: 1cd71cc50ef9ad3070c0e35e3a730319
NotePrebufferTime: 1000
TimeOffset: -70
Volume: 0.5
Difficulty:
- Overall: 43
  Chordjack: 36.12599601745605
  Handstream: 22.938297843933107
  Jack: 25.697702980041505
  Jumpstream: 24.386393737792968
  Stamina: 33.73335914611817
  Stream: 22.12559452056885
  Technical: 30.34980354309082
  Rate: 100
