Artist: Kaneko Chiharu
AssetId: rbxassetid://10064697058
CoverImageAssetId: ''
Description: ''
Filename: Kai Dan (EXTRA)
HitSFXGroup: 0
Mapper: Tofu2222
MD5Hash: 4d0fc3b7edb4cb135ea8dd5cecebeb51
NotePrebufferTime: 1000
TimeOffset: -70
Volume: 0.5
Difficulty:
- Overall: 40
  Chordjack: 30.594602966308596
  Handstream: 34.45739593505859
  Jack: 31.258798599243164
  Jumpstream: 39.63239936828614
  Stamina: 38.76707153320313
  Stream: 30.599100494384768
  Technical: 37.86479873657227
  Rate: 100
