Artist: technoplanet
AssetId: rbxassetid://10080199623
CoverImageAssetId: ''
Description: ''
Filename: Redshift
HitSFXGroup: 0
MD5Hash: bcea2cc53bbb1741a29e50d00a50340a
NotePrebufferTime: 1000
TimeOffset: -70
Volume: 0.6
Difficulty:
- Overall: 35
  Chordjack: 23.55029640197754
  Handstream: 27.26459369659424
  Jack: 24.933595275878908
  Jumpstream: 35.82629928588867
  Stamina: 31.714212799072268
  Stream: 35.245802307128905
  Technical: 37.03949890136719
  Rate: 100
