Artist: SUPER MWC KART (BilliumMoto x Se-U-Ra x Silentroom)
AssetId: rbxassetid://9512624300
CoverImageAssetId: rbxassetid://8351744790
Description: ''
Filename: Purple Palace
HitSFXGroup: 0
Mapper: A_scend
MD5Hash: 7aeea6b9e43ce61c1842cb98a4f9134d
NotePrebufferTime: 1000
TimeOffset: -75
Volume: 0.5
Difficulty:
- Overall: 48
  Chordjack: 37.84679832458496
  Handstream: 41.620495605468754
  Jack: 28.63799285888672
  Jumpstream: 47.115891265869145
  Stamina: 47.068777084350586
  Stream: 41.742897033691406
  Technical: 44.85149574279785
  Rate: 100
