Artist: succducc
AssetId: rbxassetid://1410676257
CoverImageAssetId: ''
Description: ''
Filename: me & u (LIGHT)
HitSFXGroup: 0
Mapper: 'Aries'
MD5Hash: ca36cc04545a8d39157559efde77257e
NotePrebufferTime: 1000
TimeOffset: -70
Volume: 0.5
Difficulty:
- Overall: 8
  Chordjack: 5.189400243759155
  Handstream: 5.355000257492065
  Jack: 6.708599996566773
  Jumpstream: 5.936400604248047
  Stamina: 7.999227905273438
  Stream: 9.168301105499268
  Technical: 9.681300830841066
  Rate: 100
