Artist: Petit Rabbits
AssetId: rbxassetid://9512709799
CoverImageAssetId: rbxassetid://8351893589
Description: ''
Filename: No Poi!
HitSFXGroup: 0
Mapper: A_scend
MD5Hash: 24febf6349e5a18f7cb71dae79e54755
NotePrebufferTime: 1000
TimeOffset: -70
Volume: 0.5
Difficulty:
- Overall: 47
  Chordjack: 33.36119728088379
  Handstream: 29.27699546813965
  Jack: 28.998904037475587
  Jumpstream: 42.57899780273438
  Stamina: 42.23603897094727
  Stream: 46.89629859924317
  Technical: 40.92390060424805
  Rate: 100
