Artist: Camellia
AssetId: rbxassetid://10049353309
CoverImageAssetId: ''
Description: ''
Filename: Glitch Nerds
HitSFXGroup: 0
Mapper: Evening
MD5Hash: 367de859e28accd18aac6b43d0e3e321
NotePrebufferTime: 1000
TimeOffset: -75
Volume: 0.5
Difficulty:
- Overall: 39
  Chordjack: 33.782399368286136
  Handstream: 34.54379653930664
  Jack: 27.072894287109374
  Jumpstream: 37.30679626464844
  Stamina: 38.28519058227539
  Stream: 35.279993820190434
  Technical: 39.17159843444824
  Rate: 100
