Artist: Happy Clover
AssetId: rbxassetid://9512730733
CoverImageAssetId: ''
Description: ''
Filename: PUNCH MIND HAPPINESS (LIGHT)
HitSFXGroup: 0
MD5Hash: 66c46837e2297a26a1bdfec83aff8ea8
NotePrebufferTime: 1000
TimeOffset: -70
Volume: 0.5
Difficulty:
- Overall: 19
  Chordjack: 17.762396621704102
  Handstream: 18.979197692871093
  Jack: 12.89070167541504
  Jumpstream: 23.64839572906494
  Stamina: 21.254910850524904
  Stream: 19.37519645690918
  Technical: 23.39999656677246
  Rate: 100
