Artist: BlackY feat. Risa Yuzuki
AssetId: rbxassetid://13867125582
CoverImageAssetId: ''
Description: ''
Filename: Crimsonate
HitSFXGroup: 0
Mapper: KullaiPora
MD5Hash: 1fa473125d0e41ce4c89d9ae4e05445a
NotePrebufferTime: 1000
TimeOffset: -75
Volume: 0.5
Difficulty:
- Overall: 46.85309829711914
  Chordjack: 46.547994232177736
  Handstream: 34.828198242187504
  Jack: 34.211697006225585
  Jumpstream: 38.117697143554686
  Stamina: 45.63727226257324
  Stream: 27.257392501831056
  Technical: 33.672601318359376
  Rate: 100
