Artist: Rotteen
AssetId: rbxassetid://10025071460
CoverImageAssetId: ''
Description: ''
Filename: VEC+LEGGENDARIA (EXTRA)
HitSFXGroup: 0
Mapper: Quick Draw
MD5Hash: 8922df1cebb94d50fcaf1e5b24b1edc6
NotePrebufferTime: 1000
TimeOffset: -70
Volume: 0.5
Difficulty:
- Overall: 45
  Chordjack: 30.558602142333985
  Handstream: 31.297497940063476
  Jack: 27.370800590515138
  Jumpstream: 44.80289497375488
  Stamina: 41.886169052124025
  Stream: 36.419399642944335
  Technical: 40.80959815979004
  Rate: 100
