Artist: Kobaryo (feat. Camellia)
AssetId: rbxassetid://10017947543
CoverImageAssetId: ''
Description: ''
Filename: Villain Virus
HitSFXGroup: 0
Mapper: rinstea
MD5Hash: a1b61f743096cbfa392e543b0fbeb9ea
NotePrebufferTime: 1000
TimeOffset: -75
Volume: 0.5
Difficulty:
- Overall: 25
  Chordjack: 17.82179660797119
  Handstream: 15.286500549316406
  Jack: 18.05129928588867
  Jumpstream: 25.990193367004395
  Stamina: 24.831530570983887
  Stream: 27.448194122314455
  Technical: 28.357201194763185
  Rate: 100
