Artist: Team Grimoire
AssetId: rbxassetid://10724383800
CoverImageAssetId: ''
Description: ''
Filename: ouroVoros (LIGHT)
HitSFXGroup: 0
Mapper: Slick6969
MD5Hash: 21650099bba7d8296f110a8731f2b732
NotePrebufferTime: 1000
TimeOffset: -70
Volume: 0.5
Difficulty:
- Overall: 24
  Chordjack: 16.2971981048584
  Handstream: 17.069397926330566
  Jack: 20.214896965026856
  Jumpstream: 24.443096923828126
  Stamina: 21.069674491882324
  Stream: 23.44049663543701
  Technical: 25.585194396972657
  Rate: 100
