Artist: uma
AssetId: rbxassetid://10023940367
CoverImageAssetId: rbxassetid://8359881832
Description: ''
Filename: KEEP IT UP
HitSFXGroup: 0
Mapper: LTD
MD5Hash: 38390bef2417fcddb15c0aae275395b3
NotePrebufferTime: 1000
TimeOffset: 1600
Volume: 0.5
Difficulty:
- Overall: 53
  Chordjack: 52.36109390258789
  Handstream: 33.298197555542
  Jack: 35.01989593505859
  Jumpstream: 36.34199752807617
  Stamina: 48.777048110961914
  Stream: 29.766604614257812
  Technical: 35.32229804992676
  Rate: 100
