Artist: S.S.H.
AssetId: rbxassetid://10080027230
CoverImageAssetId: ''
Description: ''
Filename: Intersect Thunderbolt-Remix (HEAVY)
HitSFXGroup: 0
MD5Hash: 43337c5a648fdc66be2063372ed3d3c4
NotePrebufferTime: 1000
TimeOffset: -70
Volume: 0.5
Difficulty:
- Overall: 36
  Chordjack: 21.699894905090332
  Handstream: 25.085694122314454
  Jack: 24.00029640197754
  Jumpstream: 36.080996704101565
  Stamina: 33.063275527954104
  Stream: 35.67509994506836
  Technical: 37.065598297119145
  Rate: 100
