Artist: Creo
AssetId: rbxassetid://13642035917
CoverImageAssetId: ''
Description: ''
Filename: Dimension
HitSFXGroup: 0
Mapper: '[LS]SureFir3'
MD5Hash: aac6b96463e72b7355bd8670a04eea74
NotePrebufferTime: 1000
TimeOffset: -75
Volume: 0.5
Difficulty:
- Overall: 48
  Chordjack: 40.349700164794925
  Handstream: 37.90259857177735
  Jack: 32.133598709106444
  Jumpstream: 48.351595687866215
  Stamina: 43.22478103637695
  Stream: 48.03659706115723
  Technical: 45.82079887390137
  Rate: 100
