Artist: Codly
AssetId: rbxassetid://6224537813
CoverImageAssetId: ''
Description: ''
Filename: Lucy, The God Of Time
HitSFXGroup: 0
Mapper: rinstea
MD5Hash: 618ac46fa36d4f8d732e826762c97f79
NotePrebufferTime: 1000
TimeOffset: -75
Volume: 0.5
Difficulty:
- Overall: 29
  Chordjack: 16.491597747802736
  Handstream: 21.399296951293945
  Jack: 17.921700096130373
  Jumpstream: 25.709394836425783
  Stamina: 21.86879253387451
  Stream: 26.15849533081055
  Technical: 26.760595893859865
  Rate: 100
