Artist: yuikonnu & ayaponzu
AssetId: rbxassetid://10080246005
CoverImageAssetId: ''
Description: ''
Filename: Super Nuko World (EXTRA)
HitSFXGroup: 0
Mapper: KingKrafty22
MD5Hash: 596548fa697341460d724cb0ddf7b5ac
NotePrebufferTime: 1000
TimeOffset: -50
Volume: 0.5
Difficulty:
- Overall: 35
  Chordjack: 26.721894836425783
  Handstream: 36.64079475402832
  Jack: 24.66449546813965
  Jumpstream: 38.67119522094727
  Stamina: 38.6325267791748
  Stream: 30.312903213500977
  Technical: 35.44199409484863
  Rate: 100
