Artist: Blitz Lunar
AssetId: rbxassetid://10698320436
CoverImageAssetId: ''
Description: ''
Filename: Phi-dentity Crisis (HEAVY)
HitSFXGroup: 0
Mapper: "Skullbac"
MD5Hash: e69822ea08108b120acddeefe4a72465
NotePrebufferTime: 900
TimeOffset: -150
Volume: 0.5
Difficulty:
- Overall: 28
  Chordjack: 20.236497116088866
  Handstream: 21.97079544067383
  Jack: 16.107299423217775
  Jumpstream: 30.444299697875977
  Stamina: 29.138759994506838
  Stream: 31.157099533081055
  Technical: 30.189598846435548
  Rate: 100
