Artist: Vaenus
AssetId: rbxassetid://10025030130
CoverImageAssetId: ''
Description: ''
Filename: Lazorbeamz (HEAVY)
HitSFXGroup: 0
Mapper: Evening
MD5Hash: 48c2a87ea8511fdb009a4b4c05f7f3e8
NotePrebufferTime: 1000
TimeOffset: -125
Volume: 0.5
Difficulty:
- Overall: 46
  Chordjack: 34.77149505615235
  Handstream: 32.49000205993652
  Jack: 27.291596031188966
  Jumpstream: 53.06759376525879
  Stamina: 53.006784439086914
  Stream: 44.945092391967776
  Technical: 43.572597885131835
  Rate: 100
