Artist: Kyodai
AssetId: rbxassetid://10049553988
CoverImageAssetId: ''
Description: ''
Filename: DIAVOLO (HEAVY)
HitSFXGroup: 0
Mapper: horrortic
MD5Hash: c64d938853197afdd41d615bed2f0fef
NotePrebufferTime: 900
TimeOffset: -1075
Volume: 0.5
Difficulty:
- Overall: 29
  Chordjack: 22.413594245910645
  Handstream: 27.093593215942384
  Jack: 19.47689723968506
  Jumpstream: 32.40990142822266
  Stamina: 29.856747436523438
  Stream: 32.26860008239746
  Technical: 33.46559829711914
  Rate: 100
