Artist: Kiyoshi Hikawa
AssetId: rbxassetid://10719197936
CoverImageAssetId: ''
Description: ''
Filename: Limit-Break x Survivor (LIGHT)
HitSFXGroup: 0
MD5Hash: f1af7643b1c83c02c167568658bf3925
NotePrebufferTime: 1000
TimeOffset: -60
Volume: 0.5
Difficulty:
- Overall: 08
  Chordjack: 5.8644006729125975
  Handstream: 7.760701847076416
  Jack: 8.331300830841064
  Jumpstream: 10.394100666046143
  Stamina: 9.214108085632324
  Stream: 10.39770040512085
  Technical: 11.696400260925293
  Rate: 100
