Artist: Shiraishi
AssetId: rbxassetid://10070089372
CoverImageAssetId: ''
Description: ''
Filename: True Millennium Queen
HitSFXGroup: 0
MD5Hash: 48787e57d6bbf6f7f54888428f725d96
NotePrebufferTime: 1000
TimeOffset: 235
Volume: 0.5
Difficulty:
- Overall: 38
  Chordjack: 39.0689998626709
  Handstream: 33.983995056152345
  Jack: 26.216101455688477
  Jumpstream: 35.531093215942384
  Stamina: 36.502573013305664
  Stream: 29.512803268432616
  Technical: 31.13909912109375
  Rate: 100
