Artist: Camellia
AssetId: rbxassetid://10045063092
CoverImageAssetId: ''
Description: ''
Filename: Algorithm (Hitech Psy Self-remix)
HitSFXGroup: 0
MD5Hash: aa4261de5f293dd8b503157a6c627c48
NotePrebufferTime: 1000
TimeOffset: -70
Volume: 0.5
Difficulty:
- Overall: 39
  Chordjack: 33.794999313354495
  Handstream: 35.47799491882324
  Jack: 24.294596099853518
  Jumpstream: 37.91969947814942
  Stamina: 37.881782913208006
  Stream: 30.39210090637207
  Technical: 36.14489593505859
  Rate: 100
