Artist: FELT
AssetId: rbxassetid://10049479417
CoverImageAssetId: ''
Description: ''
Filename: OUR SHIP
HitSFXGroup: 0
Mapper: Evening
MD5Hash: 43a288ed06be66424efdcb0c9e9866b2
NotePrebufferTime: 1000
TimeOffset: -75
Volume: 0.5
Difficulty:
- Overall: 43
  Chordjack: 31.33169975280762
  Handstream: 38.14379653930664
  Jack: 22.846498489379883
  Jumpstream: 42.75449752807617
  Stamina: 41.782252120971684
  Stream: 41.58269920349121
  Technical: 40.83660049438477
  Rate: 100
