Artist: DJ Genericname
AssetId: rbxassetid://10054576413
CoverImageAssetId: ''
Description: ''
Filename: Dear You (HEAVY)
HitSFXGroup: 0
MD5Hash: 5c0488da393262cf6be59213550c301a
NotePrebufferTime: 1010
TimeOffset: -124
Volume: 0.5
Difficulty:
- Overall: 21
  Chordjack: 16.38449821472168
  Handstream: 24.266694259643554
  Jack: 12.478499794006348
  Jumpstream: 24.30179557800293
  Stamina: 23.186702156066897
  Stream: 21.286796951293947
  Technical: 23.267695426940918
  Rate: 100
