Artist: DECO^27
AssetId: rbxassetid://10693786560
CoverImageAssetId: --FILL IN COVERART ASSETID HERE--
Description: ''
Filename: Streaming Heart
HitSFXGroup: 0
Mapper: Trixta
MD5Hash: b56951fe8031116536a436f9fad0d238
NotePrebufferTime: 910
TimeOffset: -70
Volume: 0.5
Difficulty:
- Overall: 44
  Chordjack: 31.047301483154296
  Handstream: 45.41579818725586
  Jack: 28.38599395751953
  Jumpstream: 42.94889717102051
  Stamina: 44.31570281982422
  Stream: 37.11419906616211
  Technical: 39.35069961547852
  Rate: 100
