Artist: Hige Driver
AssetId: rbxassetid://10036557645
CoverImageAssetId: ''
Description: ''
Filename: Ukigumo
HitSFXGroup: 0
Mapper: LeiN-
MD5Hash: 54ddc02b1fac41a7508b099e8cb55944
NotePrebufferTime: 1000
TimeOffset: -70
Volume: 0.5
Difficulty:
- Overall: 38
  Chordjack: 26.760594177246094
  Handstream: 40.680900192260744
  Jack: 23.472896003723147
  Jumpstream: 39.120299148559575
  Stamina: 38.707862091064456
  Stream: 33.257699203491214
  Technical: 35.63369865417481
  Rate: 100
