Artist: Seiryu
AssetId: rbxassetid://10698364103
CoverImageAssetId: ''
Description: ''
Filename: Critical Crystal (LIGHT)
HitSFXGroup: 0
MD5Hash: a04d0d8f8503c7ae1ad5c24f9d185b31
NotePrebufferTime: 1100
TimeOffset: -90
Volume: 0.5
Difficulty:
- Overall: 19
  Chordjack: 14.55480079650879
  Handstream: 13.196700954437256
  Jack: 14.486402320861817
  Jumpstream: 22.563897514343264
  Stamina: 20.733700561523438
  Stream: 22.060797500610352
  Technical: 23.750996017456057
  Rate: 100
