Artist: fhana
AssetId: rbxassetid://1903875593
CoverImageAssetId: ''
Description: ''
Filename: Aozora no Rhapsody
HitSFXGroup: 0
MD5Hash: fa18a43dded91943f821d246dca11e4c
NotePrebufferTime: 1000
TimeOffset: -74
Volume: 0.5
Difficulty:
- Overall: 43
  Chordjack: 33.91919631958008
  Handstream: 43.32509651184082
  Jack: 24.142497253417968
  Jumpstream: 45.10169563293457
  Stamina: 43.603819656372075
  Stream: 43.11269989013672
  Technical: 43.24949684143066
  Rate: 100
