Artist: Camellia
AssetId: rbxassetid://10038047807
CoverImageAssetId: ''
Description: Made by rinstea
Filename: Compute It With Some Steampunk Engines
HitSFXGroup: 0
Mapper: rinstea
MD5Hash: 56d84c8f8c6f2f1d630ca8f48357cec5
NotePrebufferTime: 1000
TimeOffset: -70
Volume: 0.5
Difficulty:
- Overall: 45
  Chordjack: 30.475802993774415
  Handstream: 39.169795989990234
  Jack: 27.79739284515381
  Jumpstream: 39.11939964294434
  Stamina: 39.662896728515626
  Stream: 34.17029571533203
  Technical: 39.702598571777344
  Rate: 100
