Artist: Dark PHOENiX
AssetId: rbxassetid://10799519947
CoverImageAssetId: ''
Description: ''
Filename: Stirring An Autumn Moon
HitSFXGroup: 0
Mapper: pow wow zee
MD5Hash: fda18de531fbd59d416ff9ae0011e7f9
NotePrebufferTime: 1000
TimeOffset: -75
Volume: 0.5
Difficulty:
- Overall: 58
  Chordjack: 43.02449684143067
  Handstream: 55.44089813232422
  Jack: 34.50509376525879
  Jumpstream: 48.01409912109375
  Stamina: 52.2928207397461
  Stream: 55.212293243408205
  Technical: 55.004397583007815
  Rate: 100
