Artist: Vicetone & Tony Igy
AssetId: rbxassetid://10046448301
CoverImageAssetId: ''
Description: ''
Filename: Astronomia (Camellia Remix) (HEAVY)
HitSFXGroup: 0
Mapper: Slick6969
MD5Hash: a1c8a4b3092dbab245652008871c1f9c
NotePrebufferTime: 1000
TimeOffset: -70
Volume: 0.5
Difficulty:
- Overall: 43
  Chordjack: 31.284901428222657
  Handstream: 42.27749862670898
  Jack: 26.216101455688477
  Jumpstream: 39.51989936828613
  Stamina: 40.156725311279295
  Stream: 34.79309349060059
  Technical: 38.893496704101565
  Rate: 100
