Artist: HARAGASHI
AssetId: rbxassetid://2084062840
CoverImageAssetId: ''
Description: ''
Filename: Connect (Exit Trance Remix) (LIGHT)
HitSFXGroup: 0
MD5Hash: c99803772e6f182c95ebbf02e48ca8b1
NotePrebufferTime: 1000
TimeOffset: -70
Volume: 0.5
Difficulty:
- Overall: 19
  Chordjack: 13.77180004119873
  Handstream: 12.002400398254395
  Jack: 12.912301826477051
  Jumpstream: 21.32549800872803
  Stamina: 19.15946445465088
  Stream: 18.293398475646974
  Technical: 21.70349636077881
  Rate: 100
