Artist: xi
AssetId: rbxassetid://10049426422
CoverImageAssetId: ''
Description: ''
Filename: FREEDOM DiVE (Dear Mr.X Remix) (HEAVY)
HitSFXGroup: 0
Mapper: tranvucam
MD5Hash: 8ebae683605f88c826a73c7a946d6ef3
NotePrebufferTime: 1000
TimeOffset: -160
Volume: 0.5
Difficulty:
- Overall: 42
  Chordjack: 32.64840087890625
  Handstream: 35.324097061157225
  Jack: 24.92009754180908
  Jumpstream: 44.11979598999024
  Stamina: 44.075679016113284
  Stream: 38.979897308349614
  Technical: 41.47920112609864
  Rate: 100
