Artist: ueotan
AssetId: rbxassetid://10024812773
CoverImageAssetId: --FILL IN COVERART ASSETID HERE--
Description: ''
Filename: Mario Paint (D-ANOTHER) (EXTRA)
HitSFXGroup: 0
Mapper: Fullerene-
MD5Hash: 2463d841b5a747e88f61d7f1a03c50bb
NotePrebufferTime: 700
TimeOffset: -75
Volume: 0.6
Difficulty:
- Overall: 79
  Chordjack: 42.6375
  Handstream: 37.42919769287109
  Jack: 37.866597747802736
  Jumpstream: 43.224296951293944
  Stamina: 60.77831726074219
  Stream: 65.6747932434082
  Technical: 58.92300109863282
  Rate: 100
