Artist: cYsmix
AssetId: rbxassetid://13873152536
CoverImageAssetId: ''
Description: ''
Filename: Peer Gynt (EXTRA)
HitSFXGroup: 0
Mapper: Destroyer5796
MD5Hash: 92619a03aefd2652cad22c83e6b1cc84
NotePrebufferTime: 1000
TimeOffset: -75
Volume: 0.5
Difficulty:
- Overall: 17
  Chordjack: 12.29670009613037
  Handstream: 15.249600219726563
  Jack: 14.718600082397462
  Jumpstream: 19.859396553039552
  Stamina: 18.624193382263183
  Stream: 16.43309726715088
  Technical: 20.707197761535646
  Rate: 100
