Artist: Alec Holowka & Scott Benson
AssetId: rbxassetid://13866883872
CoverImageAssetId: ''
Description: ''
Filename: Weird Autumn
HitSFXGroup: 0
Mapper: Emik
MD5Hash: d1fbf8ba147eb9597f6cdc0e8ea70a35
NotePrebufferTime: 1000
TimeOffset: -75
Volume: 0.5
Difficulty:
- Overall: 47
  Chordjack: 33.18299903869629
  Handstream: 40.509001922607425
  Jack: 34.76970291137695
  Jumpstream: 42.31620140075684
  Stamina: 45.060438537597655
  Stream: 49.232695770263675
  Technical: 46.36439895629883
  Rate: 100
