Artist: Ras
AssetId: rbxassetid://10080310996
CoverImageAssetId: ''
Description: ''
Filename: PrayStation
HitSFXGroup: 0
MD5Hash: 0ff5528db5ceefd3a5a67606de26104d
NotePrebufferTime: 1000
TimeOffset: -75
Volume: 0.5
Difficulty:
- Overall: 34
  Chordjack: 27.614695358276368
  Handstream: 33.53309555053711
  Jack: 22.198499107360842
  Jumpstream: 34.00199890136719
  Stamina: 30.389522552490234
  Stream: 27.269994163513186
  Technical: 33.94439964294434
  Rate: 100
