Artist: Marc-Andre Hamelin
AssetId: rbxassetid://5841606917
CoverImageAssetId: ''
Description: ''
Filename: Circus Galop (PAIN)
HitSFXGroup: 0
Mapper: CircusGalop
MD5Hash: e45755bdb089f3bbfa5d2e5d705038de
NotePrebufferTime: 1000
TimeOffset: -70
Volume: 0.9
Difficulty:
- Overall: 47
  Chordjack: 33.45659980773926
  Handstream: 30.61259994506836
  Jack: 34.46279640197754
  Jumpstream: 45.136796951293945
  Stamina: 45.091660308837895
  Stream: 39.63779983520508
  Technical: 42.23610076904297
  Rate: 100
