Artist: a_hisa
AssetId: rbxassetid://10693745066
CoverImageAssetId: ''
Description: ''
Filename: Cheshire,s dance (LN LIGHT)
HitSFXGroup: 0
Mapper: gemboyong
MD5Hash: b26ea8293019d375cf8f04d71d92377e
NotePrebufferTime: 1000
TimeOffset: -70
Volume: 0.5
Difficulty:
- Overall: 0
  Chordjack: 32.933698654174805
  Handstream: 47.48580093383789
  Jack: 25.179301071166993
  Jumpstream: 45.718196868896484
  Stamina: 47.43831939697266
  Stream: 34.865095138549805
  Technical: 40.665594863891606
  Rate: 100
