Artist: Exilelord
AssetId: rbxassetid://5677056394
CoverImageAssetId: ''
Description: ''
Filename: Soulless 5 (HEAVY)
HitSFXGroup: 0
Mapper: Slick6969
MD5Hash: d6be178736796f2ef75ac5c4414f0520
NotePrebufferTime: 1000
TimeOffset: -475
Volume: 0.5
Difficulty:
- Overall: 44
  Chordjack: 29.9123966217041
  Handstream: 26.70479221343994
  Jack: 30.722401428222657
  Jumpstream: 39.541494369506836
  Stamina: 39.55679969787598
  Stream: 36.8405948638916
  Technical: 39.596395111083986
  Rate: 100
