Artist: UNDEAD CORPORATION
AssetId: rbxassetid://10024683187
CoverImageAssetId: ''
Description: ''
Filename: The Empress scream off ver (EXTRA)
HitSFXGroup: 0
Mapper: TheZiemniax
MD5Hash: eceb76f4c0504bb01cf22548449f93f9
NotePrebufferTime: 1000
TimeOffset: -70
Volume: 0.5
Difficulty:
- Overall: 48
  Chordjack: 35.31959609985352
  Handstream: 33.222601318359374
  Jack: 28.169099807739258
  Jumpstream: 49.15709266662598
  Stamina: 46.89827613830567
  Stream: 42.95159568786621
  Technical: 43.52759857177735
  Rate: 100
