Artist: snooddood
AssetId: rbxassetid://10080106889
CoverImageAssetId: ''
Description: ''
Filename: Heartbeat
HitSFXGroup: 0
Mapper: YunoMaya
MD5Hash: 067363bc1c173341e66057d080917d0f
NotePrebufferTime: 1000
TimeOffset: -75
Volume: 0.5
Difficulty:
- Overall: 35
  Chordjack: 27.611993408203126
  Handstream: 31.004101181030276
  Jack: 22.738497734069824
  Jumpstream: 34.77239799499512
  Stamina: 33.09400978088379
  Stream: 30.91590156555176
  Technical: 31.242604064941407
  Rate: 100
