Artist: Camellia
AssetId: rbxassetid://10719233949
CoverImageAssetId: ''
Description: ''
Filename: Fastest Crash
HitSFXGroup: 0
Mapper: Shoegazer
MD5Hash: 71408954913eb238845fdc6c1a241c11
NotePrebufferTime: 1000
TimeOffset: 0
Volume: 0.5
Difficulty:
- Overall: 49
  Chordjack: 33.71399917602539
  Handstream: 36.73619728088379
  Jack: 26.604902458190917
  Jumpstream: 50.42339744567871
  Stamina: 51.74499778747559
  Stream: 51.79679489135742
  Technical: 50.51519508361817
  Rate: 100
