Artist: Various Artists
AssetId: rbxassetid://12982526210
CoverImageAssetId: ''
Description: ''
Filename: Dan ~ REFORM ~ MissingMap Pine Nut
HitSFXGroup: 0
Mapper: Various Mappers
MD5Hash: f06829a7b20d27ced2dee856514e5b03
NotePrebufferTime: 1000
TimeOffset: -75
Volume: 0.5
Difficulty:
- Overall: 62
  Chordjack: 43.126199340820314
  Handstream: 35.561697006225586
  Jack: 35.62740211486817
  Jumpstream: 43.497894287109375
  Stamina: 58.11337051391602
  Stream: 62.55360488891602
  Technical: 55.63169631958008
  Rate: 100
