Artist: toby fox
AssetId: rbxassetid://10080204101
CoverImageAssetId: ''
Description: ''
Filename: Your Best Nightmare + Finale
HitSFXGroup: 0
Mapper: YunoMaya
MD5Hash: 43e2f4b987789107419be25700a385e5
NotePrebufferTime: 1000
TimeOffset: -75
Volume: 0.5
Difficulty:
- Overall: 34
  Chordjack: 26.06579303741455
  Handstream: 21.36419734954834
  Jack: 20.248195838928222
  Jumpstream: 36.11249313354492
  Stamina: 36.07638244628907
  Stream: 30.571202087402344
  Technical: 30.71070098876953
  Rate: 100
