Artist: Expander
AssetId: rbxassetid://10698495711
CoverImageAssetId: ''
Description: ''
Filename: Honey Trap (LIGHT)
HitSFXGroup: 0
MD5Hash: d88c779cc7e603037ec520c5860fbbef
NotePrebufferTime: 1000
TimeOffset: 0
Volume: 0.5
Difficulty:
- Overall: 10
  Chordjack: 8.88840036392212
  Handstream: 10.029600906372071
  Jack: 9.151201057434083
  Jumpstream: 16.6031982421875
  Stamina: 14.767923545837403
  Stream: 14.607902526855469
  Technical: 16.90019817352295
  Rate: 100
