Artist: t+pazolite
AssetId: rbxassetid://10718729415
CoverImageAssetId: rbxassetid://6572885828
Description: Mapped by Lirai
Filename: Contrapasso -inferno-
HitSFXGroup: 0
Mapper: Lirai
MD5Hash: 57e7f14b60d42ac6c8959261fe0d14c2
NotePrebufferTime: 800
TimeOffset: -55
Volume: 0.5
Difficulty:
- Overall: 37
  Chordjack: 35.567996978759766
  Handstream: 37.922397994995116
  Jack: 24.616797637939452
  Jumpstream: 39.11669769287109
  Stamina: 37.72970809936523
  Stream: 29.53890609741211
  Technical: 37.586700439453125
  Rate: 100
