Artist: Kaneko Chiharu
AssetId: rbxassetid://10065329280
CoverImageAssetId: ''
Description: ''
Filename: Kai Dan (HEAVY)
HitSFXGroup: 0
Mapper: Tofu2222
MD5Hash: a83525b0582f0abc9dfa589d22a2386b
NotePrebufferTime: 1000
TimeOffset: -70
Volume: 0.5
Difficulty:
- Overall: 37
  Chordjack: 30.880800247192383
  Handstream: 31.13010063171387
  Jack: 22.06889820098877
  Jumpstream: 37.88729667663574
  Stamina: 36.8093147277832
  Stream: 31.019403076171876
  Technical: 36.15029640197754
  Rate: 100
