Artist: OISHII
AssetId: rbxassetid://10070176512
CoverImageAssetId: ''
Description: ''
Filename: ONIGIRI FREEWAY (HEAVY)
HitSFXGroup: 0
Mapper: Mentholzzz
MD5Hash: f0414f49ab1d78d21b6130fdd9dde30e
NotePrebufferTime: 1000
TimeOffset: -75
Volume: 0.5
Difficulty:
- Overall: 33
  Chordjack: 26.096395111083986
  Handstream: 29.073597335815432
  Jack: 18.277200508117676
  Jumpstream: 35.963995742797856
  Stamina: 34.97503395080567
  Stream: 31.67370071411133
  Technical: 32.450399780273436
  Rate: 100
