Artist: m108
AssetId: rbxassetid://10054552722
CoverImageAssetId: ''
Description: ''
Filename: Crow Solace (HEAVY)
HitSFXGroup: 0
MD5Hash: b0e71dde35eccff9fe8754d56eb10e1f
NotePrebufferTime: 1000
TimeOffset: 0
Volume: 0.5
Difficulty:
- Overall: 31
  Chordjack: 27.65969467163086
  Handstream: 34.34399642944336
  Jack: 23.977795028686526
  Jumpstream: 38.717097473144534
  Stamina: 36.73702125549317
  Stream: 33.75359802246094
  Technical: 35.69489936828614
  Rate: 100
