Artist: Shawn Wasabi & YDG feat. Yung GEMMY
AssetId: rbxassetid://10054452525
CoverImageAssetId: ''
Description: ''
Filename: Burnt Rice (Aiobahn & Jh-Anu Remix) (LN)
HitSFXGroup: 0
MD5Hash: 6c8a6b592e958be8355287d9c18e8ce4
NotePrebufferTime: 1000
TimeOffset: -70
Volume: 0.5
Difficulty:
- Overall: 0
  Chordjack: 23.735695838928223
  Handstream: 25.79129447937012
  Jack: 19.868396759033203
  Jumpstream: 28.094392776489258
  Stamina: 27.94940929412842
  Stream: 25.232395935058594
  Technical: 28.574993133544922
  Rate: 100
