Artist: Ester
AssetId: rbxassetid://10698318962
CoverImageAssetId: ''
Description: ''
Filename: Dizzolve (HEAVY)
HitSFXGroup: 0
MD5Hash: 3d1ff93e7f664800bb7113e252461142
NotePrebufferTime: 1000
TimeOffset: -89
Volume: 0.9
Difficulty:
- Overall: 31
  Chordjack: 23.09399642944336
  Handstream: 24.72839469909668
  Jack: 18.828897857666018
  Jumpstream: 32.09850082397461
  Stamina: 30.876354217529297
  Stream: 29.184301757812502
  Technical: 30.89700164794922
  Rate: 100
