Artist: s-don
AssetId: rbxassetid://10024753919
CoverImageAssetId: rbxassetid://6889130794
Description: ''
Filename: Malicious Mischance (HEAVY)
HitSFXGroup: 0
Mapper: Slick6969
MD5Hash: 300e3792da0546e3e31df1533647b67e
NotePrebufferTime: 1000
TimeOffset: -75
Volume: 0.5
Difficulty:
- Overall: 46
  Chordjack: 43.112696456909184
  Handstream: 35.45999450683594
  Jack: 37.567800521850586
  Jumpstream: 36.76409912109375
  Stamina: 40.47514343261719
  Stream: 30.62519989013672
  Technical: 37.66770057678223
  Rate: 100
