Artist: Silentroom vs Frums
AssetId: rbxassetid://10023675102
CoverImageAssetId: rbxassetid://8351975262
Description: ''
Filename: Aegleseeker
HitSFXGroup: 0
Mapper: A_scend
MD5Hash: 2065c78a0980143bdb02acb3cd61737f
NotePrebufferTime: 1000
TimeOffset: -75
Volume: 0.5
Difficulty:
- Overall: 46
  Chordjack: 32.54580230712891
  Handstream: 37.286097335815434
  Jack: 28.1780948638916
  Jumpstream: 46.21589813232422
  Stamina: 44.86082038879395
  Stream: 40.15709609985352
  Technical: 42.40799903869629
  Rate: 100
