Artist: DJ NAGAI
AssetId: rbxassetid://10698120828
CoverImageAssetId: ''
Description: ''
Filename: Immortal
HitSFXGroup: 0
MD5Hash: 13abe1ccb97aa5efce1bbd4dba8b4ff3
NotePrebufferTime: 1000
TimeOffset: -70
Volume: 0.5
Difficulty:
- Overall: 31
  Chordjack: 26.20619316101074
  Handstream: 32.591701126098634
  Jack: 21.42089710235596
  Jumpstream: 35.42579956054688
  Stamina: 33.866437911987305
  Stream: 28.021495056152343
  Technical: 32.90309829711914
  Rate: 100
