Artist: Denpagumi.inc
AssetId: rbxassetid://13876346583
CoverImageAssetId: ''
Description: ''
Filename: Back! To the Future
HitSFXGroup: 0
Mapper: Leo137
MD5Hash: da5e7ef03433e042a54f717a45de76f9
NotePrebufferTime: 1000
TimeOffset: -75
Volume: 0.5
Difficulty:
- Overall: 44
  Chordjack: 31.080600357055665
  Handstream: 28.544394493103027
  Jack: 25.430395317077636
  Jumpstream: 41.2560001373291
  Stamina: 44.276502227783205
  Stream: 46.04489936828613
  Technical: 44.11709747314453
  Rate: 100
