Artist: Inna
AssetId: rbxassetid://6282242964
CoverImageAssetId: ''
Description: ''
Filename: Amazing (Hixxy, Sy & Unknown Remix)
HitSFXGroup: 0
Mapper: MocaLocaOsu
MD5Hash: 5028a59b9294cd056df5df0be0a03fa8
NotePrebufferTime: 1000
TimeOffset: -75
Volume: 0.5
Difficulty:
- Overall: 35
  Chordjack: 24.27839469909668
  Handstream: 36.09899368286133
  Jack: 22.280395317077637
  Jumpstream: 35.574293518066405
  Stamina: 36.062896728515625
  Stream: 30.749403762817384
  Technical: 32.24700164794922
  Rate: 100
