Artist: Various Artists
AssetId: rbxassetid://0
CoverImageAssetId: ''
Description: ''
Filename: Chordjack Joker Dan III
HitSFXGroup: 0
Mapper: '[Crz]Rachel&Ice V'
MD5Hash: 68ad6702d0286c87a92bf16a886770be
NotePrebufferTime: 1000
TimeOffset: -75
Volume: 0.5
Difficulty:
- Overall: 42
  Chordjack: 46.1411979675293
  Handstream: 39.491994094848636
  Jack: 28.62719192504883
  Jumpstream: 39.60539703369141
  Stamina: 46.095058822631835
  Stream: 28.350892639160158
  Technical: 35.63639717102051
  Rate: 100
