Artist: Hatsuki Yura
AssetId: rbxassetid://5574223191
CoverImageAssetId: ''
Description: ''
Filename: The Clockwork Rose -Tokei Shikake no Bara Shoujo-
HitSFXGroup: 0
Mapper: '[Crz]Rachel'
MD5Hash: 7a2cc7fdb6d6fce3615c9c496617e466
NotePrebufferTime: 1000
TimeOffset: -75
Volume: 0.5
Difficulty:
- Overall: 55
  Chordjack: 38.85479736328125
  Handstream: 48.365095138549805
  Jack: 32.56919975280762
  Jumpstream: 46.06739730834961
  Stamina: 55.7915885925293
  Stream: 56.447994232177734
  Technical: 52.20989456176758
  Rate: 100
