Artist: 'Bonnie Tyler '
AssetId: rbxassetid://10049438141
CoverImageAssetId: ''
Description: ''
Filename: Holding Out for a Hero
HitSFXGroup: 0
Mapper: NikoSek
MD5Hash: 3e89ecd3edbbdc42dd1268127855e4f6
NotePrebufferTime: 1000
TimeOffset: -70
Volume: 0.5
Difficulty:
- Overall: 37
  Chordjack: 34.166694259643556
  Handstream: 37.93589744567871
  Jack: 23.299195289611816
  Jumpstream: 37.694696044921876
  Stamina: 37.89796371459961
  Stream: 27.28979358673096
  Technical: 33.50340156555176
  Rate: 100
