Artist: Polyphonic Branch ft. unc & Lon
AssetId: rbxassetid://10024106183
CoverImageAssetId: ''
Description: ''
Filename: C158H251N39O46S
HitSFXGroup: 0
Mapper: Skwid
MD5Hash: 22e90f2b9ce7b066b902a74cc5c2152b
NotePrebufferTime: 1000
TimeOffset: -75
Volume: 0.5
Difficulty:
- Overall: 50
  Chordjack: 49.44329681396484
  Handstream: 36.5498966217041
  Jack: 29.796298599243165
  Jumpstream: 41.199300384521486
  Stamina: 47.14785461425782
  Stream: 30.397501373291018
  Technical: 37.50389785766602
  Rate: 100
