Artist: antiPLUR
AssetId: rbxassetid://10024747431
CoverImageAssetId: ''
Description: ''
Filename: Speed of Link (HEAVY)
HitSFXGroup: 0
Mapper: Shoegazer
MD5Hash: 27fe17ec7a6d9ccd2f4357df524c4de4
NotePrebufferTime: 1000
TimeOffset: -70
Volume: 0.5
Difficulty:
- Overall: 48
  Chordjack: 33.21269645690918
  Handstream: 29.96280326843262
  Jack: 27.041399574279787
  Jumpstream: 50.89319686889649
  Stamina: 48.81853179931641
  Stream: 49.52339401245117
  Technical: 47.14019851684571
  Rate: 100
