Artist: r300K
AssetId: rbxassetid://13642009597
CoverImageAssetId: ''
Description: ''
Filename: Please
HitSFXGroup: 0
Mapper: '[LS]SureFir3'
MD5Hash: 8398b1991c5d87e5dcbdc9e96dba1942
NotePrebufferTime: 1000
TimeOffset: -75
Volume: 0.5
Difficulty: 
- Overall: 63
  Chordjack: 58.496395111083984
  Handstream: 38.45069961547852
  Jack: 36.92249794006348
  Jumpstream: 40.642197418212895
  Stamina: 55.85277900695801
  Stream: 30.110401153564453
  Technical: 36.41579818725586
  Rate: 100
