Artist: Kobaryo
AssetId: rbxassetid://83031278727886
CoverImageAssetId: ''
Description: ''
Filename: Bookmaker
HitSFXGroup: 0
Mapper: '[Crz]Rachel'
MD5Hash: 12ab26984c2666f11b43e384ae65c315
NotePrebufferTime: 1000
TimeOffset: -75
Volume: 0.5
Difficulty:
- Overall: 65
  Chordjack: 58.549493408203126
  Handstream: 36.5633960723877
  Jack: 39.241801071167
  Jumpstream: 38.669399642944335
  Stamina: 57.496972274780276
  Stream: 31.3218017578125
  Technical: 37.66769714355469
  Rate: 100
