Artist: Various Artists
AssetId: rbxassetid://10719034607
CoverImageAssetId: ''
Description: ''
Filename: Overjoy 5 Mix (OTHER)
HitSFXGroup: 0
Mapper: Zyph
MD5Hash: e161466b3436b3accff6cb691272ae09
NotePrebufferTime: 1000
TimeOffset: -70
Volume: 0.5
Difficulty:
- Overall: 0
  Chordjack: 42.527701950073244
  Handstream: 43.56719741821289
  Jack: 39.096901702880864
  Jumpstream: 45.5444995880127
  Stamina: 44.023627853393556
  Stream: 38.191497802734375
  Technical: 44.40599670410156
  Rate: 100
