Artist: MisoilePunch
AssetId: rbxassetid://10813532294
CoverImageAssetId: ''
Description: ''
Filename: MixxioN (LIGHT)
HitSFXGroup: 0
Mapper: NoobMan3332
MD5Hash: c7431dbf33e4b6800826513d7915e2bb
NotePrebufferTime: 1000
TimeOffset: -75
Volume: 0.5
Difficulty:
- Overall: 48
  Chordjack: 39.57209815979004
  Handstream: 39.689095687866214
  Jack: 35.096395111083986
  Jumpstream: 49.07879447937012
  Stamina: 47.720132446289064
  Stream: 38.688299560546874
  Technical: 45.277198791503906
  Rate: 100
