Artist: LeaF
AssetId: rbxassetid://126441270047922
CoverImageAssetId: ''
Description: ''
Filename: Doppelganger (LN)
HitSFXGroup: 0
Mapper: Jakads
MD5Hash: fc6110c8ff7732aa38b44b69d9dc9312
NotePrebufferTime: 1000
TimeOffset: -410
Volume: 0.5
Difficulty:
- Overall: 0
  Chordjack: 43.42409706115723
  Handstream: 42.930000686645506
  Jack: 37.59749794006348
  Jumpstream: 44.30339813232422
  Stamina: 43.76510925292969
  Stream: 36.9476978302002
  Technical: 46.73969535827637
  Rate: 100
