Artist: Various Artists
AssetId: rbxassetid://5898029538
CoverImageAssetId: rbxassetid://8357144588
Description: ''
Filename: 4K Tachyon v3
HitSFXGroup: 0
Mapper: Various Mappers
MD5Hash: 08737d1357276c3865bfb232cd439797
NotePrebufferTime: 1000
TimeOffset: -70
Volume: 0.5
Difficulty:
- Overall: 59
  Chordjack: 42.703194808959964
  Handstream: 44.458198928833006
  Jack: 35.538299560546875
  Jumpstream: 52.496994781494145
  Stamina: 52.44450073242188
  Stream: 50.83109321594238
  Technical: 50.72219467163086
  Rate: 100
