Artist: ReeK
AssetId: rbxassetid://9512617960
CoverImageAssetId: rbxassetid://8356779301
Description: ''
Filename: Possessed By The Blood Moon
HitSFXGroup: 0
Mapper: A_scend
MD5Hash: 05687ac017173223f89f247f2ada7f12
NotePrebufferTime: 1000
TimeOffset: -75
Volume: 0.5
Difficulty:
- Overall: 47
  Chordjack: 32.2064998626709
  Handstream: 42.47189483642578
  Jack: 29.5344051361084
  Jumpstream: 47.15189552307129
  Stamina: 46.24352188110352
  Stream: 43.15769920349121
  Technical: 44.68319549560547
  Rate: 100
