Artist: The Flashbulb
AssetId: rbxassetid://10049129683
CoverImageAssetId: ''
Description: Made by fuzzy1033
Filename: Passage D
HitSFXGroup: 0
Mapper: fuzzy1033
MD5Hash: 8a09800044884eb69955802a5282ecdb
NotePrebufferTime: 1000
TimeOffset: 50
Volume: 0.5
Difficulty:
- Overall: 44
  Chordjack: 37.77029571533203
  Handstream: 44.28269577026367
  Jack: 26.574302101135256
  Jumpstream: 44.03249588012695
  Stamina: 41.5976131439209
  Stream: 39.088799285888676
  Technical: 44.610297775268556
  Rate: 100
