Artist: xi
AssetId: rbxassetid://10049421136
CoverImageAssetId: ''
Description: ''
Filename: Glorious Crown (EXTRA)
HitSFXGroup: 0
Mapper: DECADE
MD5Hash: 0848bcf89ba84f76e25726e45b2bc718
NotePrebufferTime: 700
TimeOffset: -150
Volume: 0.5
Difficulty:
- Overall: 39
  Chordjack: 30.72960090637207
  Handstream: 43.18919906616211
  Jack: 26.687703323364257
  Jumpstream: 43.969496154785155
  Stamina: 42.286586380004884
  Stream: 41.2379997253418
  Technical: 41.60520057678223
  Rate: 100
