Artist: Seiryu
AssetId: rbxassetid://10698364103
CoverImageAssetId: ''
Description: ''
Filename: Critical Crystal (HEAVY)
HitSFXGroup: 0
MD5Hash: ca2336b5ec0cf1b76fe0bf04cb886ea3
NotePrebufferTime: 930
TimeOffset: -90
Volume: 0.5
Difficulty:
- Overall: 27
  Chordjack: 22.148995399475098
  Handstream: 21.810595893859865
  Jack: 18.905397033691408
  Jumpstream: 30.83759994506836
  Stamina: 28.09541759490967
  Stream: 27.24569549560547
  Technical: 30.518103790283202
  Rate: 100
