Artist: Penoreri
AssetId: rbxassetid://13677537352
CoverImageAssetId: ''
Description: ''
Filename: Sailing Force
HitSFXGroup: 0
Mapper: NHyper
MD5Hash: 5cb01e3478fa4dad62fd13d485babb63
NotePrebufferTime: 1000
TimeOffset: -110
Volume: 0.5
Difficulty:
- Overall: 54
  Chordjack: 54.20339813232422
  Handstream: 38.27879791259766
  Jack: 35.45009994506836
  Jumpstream: 38.852098846435545
  Stamina: 50.34448471069336
  Stream: 32.651998901367186
  Technical: 37.89359664916992
  Rate: 100
