Artist: Trifect
AssetId: rbxassetid://10080030951
CoverImageAssetId: ''
Description: ''
Filename: Neverland
HitSFXGroup: 0
MD5Hash: 0810c3e226becdc1276a77dddd5a3024
NotePrebufferTime: 1000
TimeOffset: -70
Volume: 0.5
Difficulty:
- Overall: 36
  Chordjack: 28.58759479522705
  Handstream: 26.597694396972656
  Jack: 21.53969707489014
  Jumpstream: 27.21959438323975
  Stamina: 27.444518852233887
  Stream: 23.71589641571045
  Technical: 29.381406784057617
  Rate: 100
