Artist: antiPLUR
AssetId: rbxassetid://13866869285
CoverImageAssetId: ''
Description: ''
Filename: One Life Left to Live (LIGHT)
HitSFXGroup: 0
Mapper: -MysticEyes
MD5Hash: f5217d5ef93447d66250440456e35bcb
NotePrebufferTime: 1000
TimeOffset: -75
Volume: 0.5
Difficulty:
- Overall: 10
  Chordjack: 6.042600202560425
  Handstream: 6.3701996326446535
  Jack: 5.96610016822815
  Jumpstream: 12.858300590515137
  Stamina: 11.467169666290284
  Stream: 11.16269989013672
  Technical: 11.595600700378418
  Rate: 100
