Artist: sasakure.UK
AssetId: rbxassetid://10698359844
CoverImageAssetId: ''
Description: ''
Filename: Puppet Theater of Twee-Box feat. Hatsune Miku (HEAVY)
HitSFXGroup: 0
MD5Hash: c2d3f422b33f4fb2a2dcf0e3663b360e
NotePrebufferTime: 1000
TimeOffset: 0
Volume: 0.5
Difficulty:
- Overall: 23
  Chordjack: 20.261697006225585
  Handstream: 27.272694396972657
  Jack: 18.294297981262208
  Jumpstream: 30.94110145568848
  Stamina: 30.910161209106445
  Stream: 27.58769302368164
  Technical: 29.556000137329104
  Rate: 100
