Artist: Wagakki Band
AssetId: rbxassetid://10027943643
CoverImageAssetId: --FILL IN COVERART ASSETID HERE--
Description: ''
Filename: Tengaku
HitSFXGroup: 0
Mapper: Evening
MD5Hash: 9da629242a7535b430e988f74fe338a3
NotePrebufferTime: 900
TimeOffset: -70
Volume: 0.5
Difficulty:
- Overall: 44
  Chordjack: 36.185397720336915
  Handstream: 43.75889511108399
  Jack: 28.149300384521485
  Jumpstream: 44.05499725341797
  Stamina: 44.01094207763672
  Stream: 41.933702087402345
  Technical: 43.44029846191406
  Rate: 100
