Artist: Kaneko Chiharu
AssetId: rbxassetid://10064697058
CoverImageAssetId: ''
Description: ''
Filename: Kai Dan (LIGHT)
HitSFXGroup: 0
Mapper: Tofu2222
MD5Hash: 38222d48aef0d782cc413920f1ad8e63
NotePrebufferTime: 1000
TimeOffset: -70
Volume: 0.5
Difficulty:
- Overall: 33
  Chordjack: 24.593393325805664
  Handstream: 31.027502059936523
  Jack: 19.713597679138186
  Jumpstream: 35.829893875122075
  Stamina: 34.881584930419926
  Stream: 29.149203872680665
  Technical: 32.81220016479492
  Rate: 100
