Artist: P^Light
AssetId: rbxassetid://10698117813
CoverImageAssetId: ''
Description: ''
Filename: Storm Buster (HEAVY)
HitSFXGroup: 0
Mapper: 'victoria'
MD5Hash: d6f903f5881c72da90bfbd6f102aa848
NotePrebufferTime: 1000
TimeOffset: -70
Volume: 0.5
Difficulty:
- Overall: 33
  Chordjack: 27.936895179748536
  Handstream: 33.348597335815434
  Jack: 22.06889820098877
  Jumpstream: 34.91549491882324
  Stamina: 30.99576530456543
  Stream: 29.330104064941406
  Technical: 34.963199615478516
  Rate: 100
