Artist: Yooh
AssetId: rbxassetid://10045037189
CoverImageAssetId: ''
Description: ''
Filename: Black or White (HEAVY)
HitSFXGroup: 0
MD5Hash: 157dff0e8f0798085e1fa512855aaed0
NotePrebufferTime: 850
TimeOffset: -75
Volume: 0.5
Difficulty:
- Overall: 27
  Chordjack: 20.898897171020508
  Handstream: 18.318596649169923
  Jack: 19.865698242187502
  Jumpstream: 32.69700164794922
  Stamina: 31.104183197021484
  Stream: 31.030204010009765
  Technical: 31.641301345825195
  Rate: 100
