Artist: HAMO
AssetId: rbxassetid://6279923657
CoverImageAssetId: ''
Description: ''
Filename: COSMO (HEAVY)
HitSFXGroup: 0
Mapper: Chibitania
MD5Hash: 366597c74c8f7569fbd9d2a7c0d2f431
NotePrebufferTime: 1000
TimeOffset: -130
Volume: 0.5
Difficulty:
- Overall: 23
  Chordjack: 14.19840087890625
  Handstream: 13.327200508117675
  Jack: 12.089698791503906
  Jumpstream: 23.97059555053711
  Stamina: 22.78549861907959
  Stream: 20.865596580505372
  Technical: 21.66389579772949
  Rate: 100
