Artist: ZirconEscalus
AssetId: rbxassetid://13025136255
CoverImageAssetId: ''
Description: ''
Filename: Celestial Scars! (HEAVY)
HitSFXGroup: 0
Mapper: -Yisus
MD5Hash: 33d9ddab2badc87e98867fb164365ec3
NotePrebufferTime: 1000
TimeOffset: -75
Volume: 0.5
Difficulty:
- Overall: 38
  Chordjack: 31.010401153564455
  Handstream: 39.3884994506836
  Jack: 22.503596305847168
  Jumpstream: 37.238396072387694
  Stamina: 37.350786209106445
  Stream: 35.56439552307129
  Technical: 39.5351978302002
  Rate: 100
