Artist: Kaneko Chiharu
AssetId: rbxassetid://10036668016
CoverImageAssetId: ''
Description: ''
Filename: iLLness LiLin (LIGHT)
HitSFXGroup: 0
MD5Hash: 13c676398f23bbca8723fc552dd43cd9
NotePrebufferTime: 940
TimeOffset: 355
Volume: 0.5
Difficulty:
- Overall: 24
  Chordjack: 15.7985990524292
  Handstream: 15.155100631713868
  Jack: 21.032097816467285
  Jumpstream: 23.426995468139648
  Stamina: 23.760080337524414
  Stream: 28.523700714111328
  Technical: 29.41110076904297
  Rate: 100
