Artist: Shade Empire
AssetId: rbxassetid://14091433280
CoverImageAssetId: ''
Description: ''
Filename: Ash Statues (Passable) (LIGHT) (NO AUDIO)
HitSFXGroup: 0
Mapper: Wafles
MD5Hash: b35a0a97ddba32044fdd4137af0daeff
NotePrebufferTime: 1000
TimeOffset: -200
Volume: 0.65
Difficulty:
- Overall: 68
  Chordjack: 40.80329818725586
  Handstream: 47.03579406738282
  Jack: 35.54280052185059
  Jumpstream: 58.43069686889648
  Stamina: 61.45438842773438
  Stream: 61.51589813232422
  Technical: 60.51149368286133
  Rate: 100
