Artist: KanoeRana
AssetId: rbxassetid://13876316987
CoverImageAssetId: ''
Description: ''
Filename: 1/2 (Cut Ver.)
HitSFXGroup: 0
Mapper: selling femboys
MD5Hash: ef3b4b9e11c232fe32b54489e1471b98
NotePrebufferTime: 1000
TimeOffset: -75
Volume: 0.5
Difficulty:
- Overall: 47
  Chordjack: 32.102098846435545
  Handstream: 26.306094932556153
  Jack: 26.92529468536377
  Jumpstream: 40.90410118103028
  Stamina: 46.156335067749026
  Stream: 49.46309623718262
  Technical: 46.45169563293457
  Rate: 100
