Artist: Takeuchi Mariya
AssetId: rbxassetid://13867468031
CoverImageAssetId: ''
Description: ''
Filename: Miracle Love (Night Tempo Remaster)
HitSFXGroup: 0
Mapper: Ska
MD5Hash: 53aec80d8af1ac8335633e8baecd41b3
NotePrebufferTime: 1000
TimeOffset: -75
Volume: 0.5
Difficulty:
- Overall: 44
  Chordjack: 29.266197967529298
  Handstream: 42.45029640197754
  Jack: 22.038297843933105
  Jumpstream: 42.33329887390137
  Stamina: 42.29096717834473
  Stream: 39.602695083618165
  Technical: 40.483798599243165
  Rate: 100
