Artist: rei sirose
AssetId: rbxassetid://13867573030
CoverImageAssetId: ''
Description: ''
Filename: Lost Umbrella (Cut Ver.)(EXTRA)
HitSFXGroup: 0
Mapper: STEPDWI
MD5Hash: 2cff0b74f594cb0508fa5add30052bf8
NotePrebufferTime: 1000
TimeOffset: -75
Volume: 0.5
Difficulty:
- Overall: 26
  Chordjack: 18.938697624206544
  Handstream: 15.505200576782228
  Jack: 14.807700920104981
  Jumpstream: 29.136603927612306
  Stamina: 27.68441390991211
  Stream: 24.316194534301758
  Technical: 25.235096168518066
  Rate: 100
