Artist: Various Artists
AssetId: rbxassetid://0
CoverImageAssetId: ''
Description: ''
Filename: Chordjack Joker Dan II
HitSFXGroup: 0
Mapper: '[Crz]Rachel&Ice V'
MD5Hash: ded9697777f0a183c747b2539cd0b74e
NotePrebufferTime: 1000
TimeOffset: -75
Volume: 0.5
Difficulty:
- Overall: 40
  Chordjack: 44.8100944519043
  Handstream: 34.96139717102051
  Jack: 29.303994369506835
  Jumpstream: 36.357295989990234
  Stamina: 44.76528396606445
  Stream: 27.824393463134765
  Technical: 33.90119934082031
  Rate: 100
