Artist: Cres
AssetId: rbxassetid://13906570320
CoverImageAssetId: ''
Description: ''
Filename: End Time
HitSFXGroup: 0
Mapper: Destroyer5796
MD5Hash: efcefb518d70e3f8984a4fb59ef19324
NotePrebufferTime: 1000
TimeOffset: -75
Volume: 0.5
Difficulty:
- Overall: 48
  Chordjack: 38.82509651184082
  Handstream: 41.57730216979981
  Jack: 33.73290252685547
  Jumpstream: 48.06809692382813
  Stamina: 45.024705505371095
  Stream: 37.196098709106444
  Technical: 41.761800384521486
  Rate: 100
