Artist: rei sirose
AssetId: rbxassetid://13867573030
CoverImageAssetId: ''
Description: ''
Filename: Lost Umbrella (Cut Ver.)(EXTRA III)
HitSFXGroup: 0
Mapper: Monheim
MD5Hash: 97d5bdb2a31f0417664af0b19bd2b047
NotePrebufferTime: 1000
TimeOffset: -75
Volume: 0.5
Difficulty:
- Overall: 35
  Chordjack: 36.393296813964845
  Handstream: 37.06469535827637
  Jack: 20.254499244689942
  Jumpstream: 33.9623966217041
  Stamina: 34.40171928405762
  Stream: 26.340295028686523
  Technical: 34.45829544067383
  Rate: 100
