Artist: YuuSaki
AssetId: rbxassetid://10698005806
CoverImageAssetId: ''
Description: ''
Filename: Ama de rasshu! (HEAVY)
HitSFXGroup: 0
MD5Hash: d6fa8805ce14a2e0230ae8fa6af31f7f
NotePrebufferTime: 1000
TimeOffset: -68
Volume: 0.5
Difficulty:
- Overall: 34
  Chordjack: 29.974500274658205
  Handstream: 32.15340156555176
  Jack: 20.902498626708987
  Jumpstream: 36.66599807739258
  Stamina: 35.550968170166016
  Stream: 28.15649471282959
  Technical: 34.12260131835938
  Rate: 100
