Artist: Various Artists
AssetId: rbxassetid://0
CoverImageAssetId: ''
Description: ''
Filename: Chordjack Joker Dan PHI
HitSFXGroup: 0
Mapper: '[Crz]Rachel&Ice V'
MD5Hash: 66714d945b55cbc052e37a29dcfa50ab
NotePrebufferTime: 1000
TimeOffset: -75
Volume: 0.5
Difficulty:
- Overall: 64
  Chordjack: 59.39189071655274
  Handstream: 36.29249725341797
  Jack: 41.29559555053711
  Jumpstream: 36.90899505615234
  Stamina: 59.33250274658203
  Stream: 32.23349876403809
  Technical: 36.81089744567871
  Rate: 100
