Artist: Imperial Circus Dead Decadence
AssetId: rbxassetid://13872498905
CoverImageAssetId: ''
Description: ''
Filename: Jashin no Konrei, Gi Wa Ai To Shiru.
HitSFXGroup: 0
Mapper: 11Bit
MD5Hash: a79ae23a1232ad88a3d6a1ce01191018
NotePrebufferTime: 1000
TimeOffset: -75
Volume: 0.5
Difficulty: 
- Overall: 46
  Chordjack: 39.218396759033205
  Handstream: 52.27379379272461
  Jack: 31.521598434448244
  Jumpstream: 47.69549217224121
  Stamina: 52.221522903442384
  Stream: 42.06870002746582
  Technical: 46.18079681396485
  Rate: 100
