Artist: WINTER DANCE
AssetId: rbxassetid://13155892384
CoverImageAssetId: ''
Description: ''
Filename: White Eve
HitSFXGroup: 0
Mapper: Linther
MD5Hash: ddb8ceeb0e91245ce28045a004e25f97
NotePrebufferTime: 1000
TimeOffset: -75
Volume: 0.5
Difficulty:
- Overall: 0
  Chordjack: 53.842493820190434
  Handstream: 30.60450439453125
  Jack: 32.77260131835938
  Jumpstream: 33.606899642944335
  Stamina: 52.336429595947266
  Stream: 30.71250343322754
  Technical: 36.59940032958985
  Rate: 100
