Artist: Vicetone & Tony Igy
AssetId: rbxassetid://10046448301
CoverImageAssetId: ''
Description: ''
Filename: Astronomia (Camellia Remix) (LIGHT)
HitSFXGroup: 0
Mapper: Slick6969
MD5Hash: 7302384e996eddc403ad673bd5d1c7fe
NotePrebufferTime: 1000
TimeOffset: -70
Volume: 0.5
Difficulty:
- Overall: 24
  Chordjack: 16.188299560546877
  Handstream: 16.75799732208252
  Jack: 13.774501132965089
  Jumpstream: 24.261295509338378
  Stamina: 22.532828521728515
  Stream: 24.94259548187256
  Technical: 24.83459644317627
  Rate: 100
