Artist: Touhou LostWord x RichaadEB
AssetId: rbxassetid://12781282069
CoverImageAssetId: ''
Description: ''
Filename: Lost Word Chronicle
HitSFXGroup: 0
Mapper: pow wow zee
MD5Hash: 995f5b7e430803d6f5116f80be608cb8
NotePrebufferTime: 1000
TimeOffset: -75
Volume: 0.5
Difficulty:
- Overall: 67
  Chordjack: 64.10429763793945
  Handstream: 45.699293518066405
  Jack: 39.085201263427734
  Jumpstream: 47.98799629211426
  Stamina: 64.04019927978516
  Stream: 33.417900466918944
  Technical: 41.394596099853516
  Rate: 100
