Artist: Frederic
AssetId: rbxassetid://10698501853
CoverImageAssetId: ''
Description: ''
Filename: oddloop (LN)
HitSFXGroup: 0
MD5Hash: 028363f792c29194d72eaaf3116e04b1
NotePrebufferTime: 1000
TimeOffset: -220
Volume: 0.5
Difficulty:
- Overall: 27.932038879394533
  Chordjack: 25.94879379272461
  Handstream: 25.353894424438476
  Jack: 16.707597541809083
  Jumpstream: 27.524693298339844
  Stamina: 27.49716911315918
  Stream: 20.21309623718262
  Technical: 25.438494300842287
  Rate: 100
