Artist: CAPTAIN JACK
AssetId: rbxassetid://10719271945
CoverImageAssetId: ''
Description: ''
Filename: CAPTAIN JACK
HitSFXGroup: 0
Mapper: Leo137
MD5Hash: 41be7e4772d3bce5bb96f4be06d39c25
NotePrebufferTime: 1000
TimeOffset: -70
Volume: 0.5
Difficulty:
- Overall: 39
  Chordjack: 32.59439964294434
  Handstream: 28.746899986267092
  Jack: 24.986697006225587
  Jumpstream: 43.068596649169926
  Stamina: 43.16473731994629
  Stream: 45.60929832458496
  Technical: 44.548197555542
  Rate: 100
