Artist: Silentroom
AssetId: rbxassetid://10049380366
CoverImageAssetId: ''
Description: ''
Filename: Finixe (EXTRA)
HitSFXGroup: 0
Mapper: tailsdk
MD5Hash: 155329295167b45ae5d1da64493ea17f
NotePrebufferTime: 1000
TimeOffset: -70
Volume: 0.5
Difficulty:
- Overall: 42
  Chordjack: 32.44770126342774
  Handstream: 43.429497528076176
  Jack: 26.57069549560547
  Jumpstream: 43.712999725341795
  Stamina: 43.24827117919922
  Stream: 35.74799423217774
  Technical: 38.465095138549806
  Rate: 100
