Artist: xi
AssetId: rbxassetid://10698302297
CoverImageAssetId: ''
Description: ''
Filename: Singularity
HitSFXGroup: 0
Mapper: 'horrortic'
MD5Hash: e62771a7b9aac5b10b0dcbda8f3af02a
NotePrebufferTime: 1000
TimeOffset: -75
Volume: 0.6
Difficulty:
- Overall: 32
  Chordjack: 22.25339469909668
  Handstream: 27.16109390258789
  Jack: 24.40169734954834
  Jumpstream: 32.34869728088379
  Stamina: 27.73553638458252
  Stream: 28.945805740356445
  Technical: 32.67450027465821
  Rate: 100
