Artist: JOYRYDE
AssetId: rbxassetid://10049480734
CoverImageAssetId: ''
Description: ''
Filename: THE BOX
HitSFXGroup: 0
Mapper: Jole
MD5Hash: 67642e439301a779d5ba2ea027b8ea76
NotePrebufferTime: 1000
TimeOffset: 3175
Volume: 0.5
Difficulty:
- Overall: 41
  Chordjack: 33.62669563293457
  Handstream: 27.31769371032715
  Jack: 25.308901977539062
  Jumpstream: 38.148297500610354
  Stamina: 36.00842514038086
  Stream: 38.6036979675293
  Technical: 38.123097610473636
  Rate: 100
