Artist: Exilelord
AssetId: rbxassetid://4996358427
CoverImageAssetId: ''
Description: ''
Filename: Soulless 5 (Halfduck Cover) (Doofyplayer) (LIGHT)
HitSFXGroup: 0
MD5Hash: 14fb316cdf795ab1e0b1784569c71cdd
NotePrebufferTime: 1000
TimeOffset: -70
Volume: 0.5
Difficulty:
- Overall: 27
  Chordjack: 14.889598846435547
  Handstream: 14.224501132965088
  Jack: 21.806997871398927
  Jumpstream: 24.255895042419436
  Stamina: 22.18320236206055
  Stream: 23.61599636077881
  Technical: 25.347596168518066
  Rate: 100
