Artist: Street
AssetId: rbxassetid://10017949317
CoverImageAssetId: ''
Description: ''
Filename: Sakura Fubuki
HitSFXGroup: 0
Mapper: Guilhermeziat
MD5Hash: 129b6a5962c706dca18c5924dceb161c
NotePrebufferTime: 1000
TimeOffset: -75
Volume: 0.5
Difficulty:
- Overall: 54
  Chordjack: 39.5351978302002
  Handstream: 47.81789360046387
  Jack: 34.42409706115723
  Jumpstream: 48.805197143554686
  Stamina: 48.307705307006835
  Stream: 54.608398818969725
  Technical: 54.491397857666016
  Rate: 100
