Artist: Frums
AssetId: rbxassetid://10054492772
CoverImageAssetId: ''
Description: ''
Filename: Theyaremanycolors (EXTRA)
HitSFXGroup: 0
Mapper: Jesen
MD5Hash: 0fced7ad5c17a171c03a7ea4d315bae5
NotePrebufferTime: 1000
TimeOffset: -75
Volume: 0.6
Difficulty:
- Overall: 36
  Chordjack: 29.95650329589844
  Handstream: 37.42379722595215
  Jack: 24.830996704101562
  Jumpstream: 39.989698791503905
  Stamina: 35.658922576904295
  Stream: 35.53020057678223
  Technical: 39.12479667663575
  Rate: 100
