Artist: KISIDA KYODAN & THE AKEBOSI ROCKETS
AssetId: rbxassetid://5604053352
CoverImageAssetId: ''
Description: ''
Filename: GATE II ~Sekai o Koete~ (TV-size)
HitSFXGroup: 0
Mapper: BaniiYanii
MD5Hash: f8e77a34db96db9bd4b6a7d2f5e2ba16
NotePrebufferTime: 1000
TimeOffset: -70
Volume: 0.5
Difficulty:
- Overall: 50
  Chordjack: 35.02799491882325
  Handstream: 36.31679763793945
  Jack: 30.40470085144043
  Jumpstream: 42.857096099853514
  Stamina: 48.25121841430664
  Stream: 53.45279502868652
  Technical: 49.89689826965332
  Rate: 100
