Artist: Iguchi Yuka
AssetId: rbxassetid://2083472803
CoverImageAssetId: ''
Description: ''
Filename: Platinum Disco
HitSFXGroup: 0
MD5Hash: 736bde3f0376349057debf18424adab8
NotePrebufferTime: 1000
TimeOffset: -73
Volume: 0.5
Difficulty:
- Overall: 34
  Chordjack: 31.288499450683595
  Handstream: 19.864795303344728
  Jack: 31.499097061157226
  Jumpstream: 33.801299285888675
  Stamina: 31.967276000976565
  Stream: 25.584296607971194
  Technical: 31.395602416992187
  Rate: 100
