Artist: Naoko Mitome
AssetId: rbxassetid://10024140375
CoverImageAssetId: rbxassetid://8359975776
Description: ''
Filename: Whoa Zone (Speed up ver.)
HitSFXGroup: 0
Mapper: Xonica
MD5Hash: 3e57729e04ac6633c2e6e8307952f60e
NotePrebufferTime: 1000
TimeOffset: 0
Volume: 0.5
Difficulty:
- Overall: 50
  Chordjack: 49.8401985168457
  Handstream: 36.077402114868164
  Jack: 37.970099258422856
  Jumpstream: 37.42829475402832
  Stamina: 45.338334274291995
  Stream: 30.360601043701173
  Technical: 36.044999313354495
  Rate: 100
