Artist: Cardboard Box
AssetId: rbxassetid://10049197221
CoverImageAssetId: ''
Description: ''
Filename: The Limit Does Not Exist
HitSFXGroup: 0
Mapper: rCaliberGX
MD5Hash: bc7184b1dac460de41a3bdeef23c3bed
NotePrebufferTime: 1000
TimeOffset: -76
Volume: 0.5
Difficulty:
- Overall: 44
  Chordjack: 32.66730079650879
  Handstream: 25.224295234680177
  Jack: 27.972894287109376
  Jumpstream: 46.8810001373291
  Stamina: 44.948127365112306
  Stream: 42.52679901123047
  Technical: 41.756396484375
  Rate: 100
