Artist: REDALiCE
AssetId: rbxassetid://5965695816
CoverImageAssetId: ''
Description: ''
Filename: PekoMiko Great War!! (HEAVY)
HitSFXGroup: 0
Mapper: rinstea
MD5Hash: 1e0dd6eecf4cd08200e888f224794648
NotePrebufferTime: 1000
TimeOffset: -75
Volume: 0.5
Difficulty:
- Overall: 20
  Chordjack: 26.61299457550049
  Handstream: 27.707392501831055
  Jack: 20.41739730834961
  Jumpstream: 31.620598983764648
  Stamina: 30.87437324523926
  Stream: 28.77209300994873
  Technical: 31.241701126098633
  Rate: 100
