Artist: Camellia
AssetId: rbxassetid://10027011366
CoverImageAssetId: ''
Description: ''
Filename: LET'S JUMP (Camellia's "diffractive" Hardcore Remix)
HitSFXGroup: 0
Mapper: Curiossity
MD5Hash: ff22bcda91b3064e3de158d293798516
NotePrebufferTime: 1000
TimeOffset: -75
Volume: 0.5
Difficulty:
- Overall: 37
  Chordjack: 28.271693229675293
  Handstream: 36.34829406738282
  Jack: 26.146794891357423
  Jumpstream: 35.28269577026367
  Stamina: 37.63182678222656
  Stream: 35.268296813964845
  Technical: 37.66949615478516
  Rate: 100
