Artist: Yooh
AssetId: rbxassetid://10044131190
CoverImageAssetId: ''
Description: ''
Filename: Road To The LegenD
HitSFXGroup: 0
MD5Hash: 01dd1d265bb511bb6a6905feecc6d6d3
NotePrebufferTime: 1000
TimeOffset: -70
Volume: 0.5
Difficulty:
- Overall: 33
  Chordjack: 24.618594932556153
  Handstream: 29.168096923828127
  Jack: 19.60649814605713
  Jumpstream: 34.119895935058594
  Stamina: 34.085779953002934
  Stream: 25.84889545440674
  Technical: 31.683602142333985
  Rate: 100
