Artist: Camellia
AssetId: rbxassetid://10156610734
CoverImageAssetId: ''
Description: ''
Filename: Flamewall (HEAVY)
HitSFXGroup: 0
Mapper: AlexDunk
MD5Hash: 07e01cc2358c9bf0cef12cd2dbb984ea
NotePrebufferTime: 1000
TimeOffset: -75
Volume: 0.5
Difficulty:
- Overall: 46
  Chordjack: 46.93589057922363
  Handstream: 40.04729804992676
  Jack: 30.815102005004885
  Jumpstream: 41.13899574279785
  Stamina: 46.88895835876465
  Stream: 30.307499313354494
  Technical: 38.1041976928711
  Rate: 100
