Artist: Paitan
AssetId: rbxassetid://10065357364
CoverImageAssetId: ''
Description: ''
Filename: LEMON SUMMER (LIGHT)
HitSFXGroup: 0
Mapper: 'RoBeats'
MD5Hash: 83b5899b899bb66b72c6c7e55d8128d0
NotePrebufferTime: 1000
TimeOffset: 330
Volume: 0.5
Difficulty:
- Overall: 21
  Chordjack: 14.685301208496094
  Handstream: 13.970699787139893
  Jack: 19.571396827697754
  Jumpstream: 24.858896827697755
  Stamina: 23.969742393493654
  Stream: 26.981994438171387
  Technical: 27.052195358276368
  Rate: 100
