Artist: Camellia
AssetId: rbxassetid://10049355447
CoverImageAssetId: ''
Description: ''
Filename: First Town of This Journey
HitSFXGroup: 0
Mapper: 'Toylolliy'
MD5Hash: 8c1e205157607074e66392ccb0379e89
NotePrebufferTime: 1000
TimeOffset: 1025
Volume: 0.5
Difficulty:
- Overall: 32
  Chordjack: 19.892697143554688
  Handstream: 25.46459369659424
  Jack: 23.249695014953613
  Jumpstream: 33.391797637939455
  Stamina: 32.38013191223145
  Stream: 31.17960090637207
  Technical: 32.70779914855957
  Rate: 100
