Artist: Terminal 11
AssetId: rbxassetid://8100367030
CoverImageAssetId: ''
Description: ''
Filename: Adcar
HitSFXGroup: 0
Mapper: Gekido-
MD5Hash: ab0723e27dc7742a99df119e8cd55000
NotePrebufferTime: 1000
TimeOffset: -75
Volume: 0.5
Difficulty:
- Overall: 43
  Chordjack: 27.882893943786623
  Handstream: 23.813995742797854
  Jack: 25.827302169799804
  Jumpstream: 37.750496292114256
  Stamina: 42.3741268157959
  Stream: 43.86959609985352
  Technical: 43.675196456909184
  Rate: 100
