Artist: Jomekka
AssetId: rbxassetid://10024817361
CoverImageAssetId: ''
Description: ''
Filename: Eighto
HitSFXGroup: 0
Mapper: Wh1teh
MD5Hash: 794a85ce269cadbb2e8ee9628fd83cad
NotePrebufferTime: 1000
TimeOffset: -75
Volume: 0.5
Difficulty:
- Overall: 48
  Chordjack: 36.61649780273438
  Handstream: 40.03559761047364
  Jack: 30.453301620483398
  Jumpstream: 42.28919906616211
  Stamina: 46.90063819885254
  Stream: 50.21459884643555
  Technical: 47.49299697875977
  Rate: 100
