Artist: DJ UNDERJOY - MEME LEGENDS
AssetId: rbxassetid://2928043430
CoverImageAssetId: ''
Description: ''
Filename: KAC 2016 -HISTORIA QUIT BLUVOLTEX- (OTHER)
HitSFXGroup: 0
MD5Hash: 63aead5e54eb83e61b8808dba8bf23bf
NotePrebufferTime: 1000
TimeOffset: -70
Volume: 0.5
Difficulty:
- Overall: 0
  Chordjack: 37.2878963470459
  Handstream: 42.69329681396484
  Jack: 41.120102691650395
  Jumpstream: 50.18309211730957
  Stamina: 44.73570671081543
  Stream: 45.969299697875975
  Technical: 49.23629722595215
  Rate: 100
