Artist: Wan Bushi
AssetId: rbxassetid://2091515967
CoverImageAssetId: ''
Description: ''
Filename: Violinium
HitSFXGroup: 0
MD5Hash: 7a70eaf2c17e6e50898e2cd49b909977
NotePrebufferTime: 1000
TimeOffset: -70
Volume: 0.5
Difficulty:
- Overall: 33
  Chordjack: 24.209095001220703
  Handstream: 32.99579887390137
  Jack: 22.166995811462403
  Jumpstream: 34.003801345825195
  Stamina: 32.64983253479004
  Stream: 29.425499725341798
  Technical: 32.86979942321778
  Rate: 100
