Artist: HHH
AssetId: rbxassetid://376971914
CoverImageAssetId: ''
Description: ''
Filename: Ignited Night (HEAVY)
HitSFXGroup: 0
MD5Hash: a391954a6d49a619de28b53178fafeab
NotePrebufferTime: 950
TimeOffset: -120
Volume: 0.5
Difficulty:
- Overall: 29
  Chordjack: 20.186095619201662
  Handstream: 28.977302169799806
  Jack: 18.36899814605713
  Jumpstream: 29.081703186035156
  Stamina: 26.833495330810546
  Stream: 27.690296745300294
  Technical: 29.299500274658204
  Rate: 100
