Artist: Toby Fox
AssetId: rbxassetid://12781316719
CoverImageAssetId: ''
Description: ''
Filename: Rude Buster (Camellia Remix)
HitSFXGroup: 0
Mapper: '[GB]V1do'
MD5Hash: b2ae3d10863b0a039e28e3df1d4767f0
NotePrebufferTime: 1000
TimeOffset: -75
Volume: 0.5
Difficulty:
- Overall: 47
  Chordjack: 38.57039566040039
  Handstream: 41.71769714355469
  Jack: 27.83790149688721
  Jumpstream: 46.408495330810545
  Stamina: 46.36208839416504
  Stream: 42.16229667663574
  Technical: 43.460997390747075
  Rate: 100
