Artist: Foxsky
AssetId: rbxassetid://235817096
CoverImageAssetId: --FILL IN COVERART ASSETID HERE--
Description: ''
Filename: Kirby Smash (HEAVY)
HitSFXGroup: 0
MD5Hash: 60fff93362e8a33f8d8cd21b7a8cdb86
NotePrebufferTime: 920
TimeOffset: 110
Volume: 0.5
Difficulty:
- Overall: 22
  Chordjack: 14.004899883270264
  Handstream: 13.584599876403809
  Jack: 15.200098228454591
  Jumpstream: 24.044394493103027
  Stamina: 20.511066055297853
  Stream: 22.14719638824463
  Technical: 25.391695976257324
  Rate: 100
