Artist: Kurokotei
AssetId: rbxassetid://10049371802
CoverImageAssetId: ''
Description: ''
Filename: Galaxy Collapse
HitSFXGroup: 0
Mapper: Mat
MD5Hash: 1fab9223794e2457e344074cc155cadc
NotePrebufferTime: 770
TimeOffset: -75
Volume: 0.5
Difficulty:
- Overall: 43
  Chordjack: 38.411097335815434
  Handstream: 33.463799285888676
  Jack: 25.904704284667968
  Jumpstream: 41.29469604492188
  Stamina: 41.25340461730957
  Stream: 30.92670249938965
  Technical: 39.58109664916992
  Rate: 100
