Artist: leroy
AssetId: rbxassetid://13640625976
CoverImageAssetId: ''
Description: ''
Filename: '...during pride month?'
HitSFXGroup: 0
Mapper: NippleJW
MD5Hash: 3ab69fa52dd0a4915a87048d483bcb63
NotePrebufferTime: 1000
TimeOffset: -75
Volume: 0.5
Difficulty:
- Overall: 49
  Chordjack: 36.96479530334473
  Handstream: 31.60799903869629
  Jack: 33.04529914855957
  Jumpstream: 56.42729530334473
  Stamina: 54.60799026489258
  Stream: 54.197994232177734
  Technical: 53.700289535522465
  Rate: 100
