Artist: yaseta
AssetId: rbxassetid://13872488545
CoverImageAssetId: ''
Description: ''
Filename: Bluenation
HitSFXGroup: 0
Mapper: Xingyue -
MD5Hash: b1b6a5763693165b55529f24b20009d8
NotePrebufferTime: 1000
TimeOffset: -75
Volume: 0.5
Difficulty:
- Overall: 42
  Chordjack: 28.78469467163086
  Handstream: 41.9525951385498
  Jack: 25.8299955368042
  Jumpstream: 39.266994094848634
  Stamina: 41.91064453125
  Stream: 29.934901428222656
  Technical: 34.30439758300781
  Rate: 100
