Artist: Camellia
AssetId: rbxassetid://13872471606
CoverImageAssetId: ''
Description: ''
Filename: Rain of Amethyst (Sped Up, 1.1x)
HitSFXGroup: 0
Mapper: Ena
MD5Hash: 371a266d8f455684a182ac6fc522eea3
NotePrebufferTime: 1000
TimeOffset: -75
Volume: 0.5
Difficulty:
- Overall: 58
  Chordjack: 58.31999588012695
  Handstream: 40.490095138549805
  Jack: 33.70769920349121
  Jumpstream: 42.24689826965332
  Stamina: 58.261679077148436
  Stream: 31.904097747802734
  Technical: 37.450796127319336
  Rate: 100
