Artist: ETIA. vs MMSequence
AssetId: rbxassetid://10724372255
CoverImageAssetId: ''
Description: ''
Filename: DISCHARGE RUSH
HitSFXGroup: 0
Mapper: 10Dollar
MD5Hash: 5d6c1165de006a9fb422078d8a83e183
NotePrebufferTime: 1000
TimeOffset: -70
Volume: 0.5
Difficulty:
- Overall: 44
  Chordjack: 36.0791976928711
  Handstream: 43.53659706115723
  Jack: 24.82829647064209
  Jumpstream: 45.2069995880127
  Stamina: 44.709143829345706
  Stream: 35.09099464416504
  Technical: 41.82209815979004
  Rate: 100
