Artist: tatatat
AssetId: rbxassetid://10719208839
CoverImageAssetId: ''
Description: ''
Filename: e
HitSFXGroup: 0
MD5Hash: b2fe818ffd885e4579cb7a204f91e86c
NotePrebufferTime: 1000
TimeOffset: -70
Volume: 0.5
Difficulty:
- Overall: 1
  Chordjack: 2.1827621698379516
  Handstream: 2.8423426866531374
  Jack: 0.8595039010047912
  Jumpstream: 3.2323556184768676
  Stamina: 3.5807473182678224
  Stream: 4.798961162567139
  Technical: 3.5412518978118896
  Rate: 100
