Artist: Nekokaburi Cyclone
AssetId: rbxassetid://10694160202
CoverImageAssetId: ''
Description: ''
Filename: After Burner (LIGHT)
HitSFXGroup: 0
MD5Hash: 09b0de68e89b11973b624930e98aebae
NotePrebufferTime: 1000
TimeOffset: -70
Volume: 0.5
Difficulty:
- Overall: 22
  Chordjack: 16.863297843933108
  Handstream: 21.033896827697756
  Jack: 14.528701400756836
  Jumpstream: 25.56269474029541
  Stamina: 22.751192092895508
  Stream: 22.34879722595215
  Technical: 25.322394561767577
  Rate: 100
