Artist: Camellia
AssetId: rbxassetid://13155638321
CoverImageAssetId: ''
Description: ''
Filename: flower of wilderness
HitSFXGroup: 0
Mapper: Tera
MD5Hash: dc890ee24803e58bb8b7c65e393c8f0f
NotePrebufferTime: 1000
TimeOffset: -75
Volume: 0.5
Difficulty:
- Overall: 49
  Chordjack: 34.937096786499026
  Handstream: 31.585501098632815
  Jack: 30.897005081176758
  Jumpstream: 45.363595962524414
  Stamina: 47.03315391540527
  Stream: 49.93829612731934
  Technical: 47.75669631958008
  Rate: 100
