Artist: xi
AssetId: rbxassetid://10043823837
CoverImageAssetId: rbxassetid://6673442077
Description: ''
Filename: FREEDOM DiVE
HitSFXGroup: 0
Mapper: razlteh
MD5Hash: 764de378bc2d79300c0a35c78d14e109
NotePrebufferTime: 800
TimeOffset: -230
Volume: 0.5
Difficulty:
- Overall: 10
  Chordjack: 8.397901153564453
  Handstream: 8.371800899505615
  Jack: 10.145699787139893
  Jumpstream: 14.73120174407959
  Stamina: 13.208949851989747
  Stream: 13.490999794006347
  Technical: 14.857201194763183
  Rate: 100
