Artist: Nanahira ft. Camellia
AssetId: rbxassetid://10825512703
CoverImageAssetId: ''
Description: ''
Filename: Goodnight, Goodnight (Cut Ver.)
HitSFXGroup: 0
Mapper: Nanahira (**NOT** A_scend)
MD5Hash: c6a4b6eabde5989b34f765bceb49618c
NotePrebufferTime: 1000
TimeOffset: -75
Volume: 0.5
Difficulty:
- Overall: 44
  Chordjack: 29.526302719116213
  Handstream: 35.16839675903321
  Jack: 21.9392972946167
  Jumpstream: 42.372897720336915
  Stamina: 40.41983757019043
  Stream: 42.88500137329102
  Technical: 42.44579887390137
  Rate: 100
