Artist: Galneryus
AssetId: rbxassetid://3038697198
CoverImageAssetId: ''
Description: ''
Filename: Raise My Sword
HitSFXGroup: 0
MD5Hash: 4e812ffd332da2f19014fa5c22515539
NotePrebufferTime: 1000
TimeOffset: -70
Volume: 0.5
Difficulty:
- Overall: 41
  Chordjack: 32.524200439453125
  Handstream: 39.53969879150391
  Jack: 27.045893669128418
  Jumpstream: 41.749197006225586
  Stamina: 41.707448959350586
  Stream: 40.28399848937988
  Technical: 38.98169631958008
  Rate: 100
