Artist: The Flashbulb
AssetId: rbxassetid://10080039103
CoverImageAssetId: ''
Description: ''
Filename: The Bridgeport Run
HitSFXGroup: 0
Mapper: Chrubble
MD5Hash: 8151fd7b40252d34815e4a89f17c9d17
NotePrebufferTime: 1000
TimeOffset: -70
Volume: 0.5
Difficulty:
- Overall: 36
  Chordjack: 26.492393875122072
  Handstream: 30.34980354309082
  Jack: 26.828094863891604
  Jumpstream: 38.825093078613286
  Stamina: 38.78627014160156
  Stream: 34.0406982421875
  Technical: 36.992697143554686
  Rate: 100
