Artist: Hoshi o Kakeru Adventure
AssetId: rbxassetid://10693856080
CoverImageAssetId: ''
Description: ''
Filename: we are forever friends! (long ver.) (HEAVY)
HitSFXGroup: 0
Mapper: Lude
MD5Hash: 9534d6929e6f450b202382a74ba47431
NotePrebufferTime: 1000
TimeOffset: -150
Volume: 0.5
Difficulty:
- Overall: 37
  Chordjack: 32.14799766540528
  Handstream: 37.54349327087402
  Jack: 25.51139717102051
  Jumpstream: 41.09220085144043
  Stamina: 41.05110855102539
  Stream: 33.476399230957036
  Technical: 38.1041976928711
  Rate: 100
