Artist: DJK1RA
AssetId: rbxassetid://10813280975
CoverImageAssetId: ''
Description: ''
Filename: R34
HitSFXGroup: 0
Mapper: N4aci
MD5Hash: 8e0b49678a8c539aecda4c5d3691624e
NotePrebufferTime: 1000
TimeOffset: -75
Volume: 0.5
Difficulty:
- Overall: 36
  Chordjack: 37.445399093627934
  Handstream: 31.213802719116213
  Jack: 27.382501029968264
  Jumpstream: 37.260897445678715
  Stamina: 36.126074981689456
  Stream: 28.18439483642578
  Technical: 34.270195770263676
  Rate: 100
