Artist: Imil & Sunhiausa
AssetId: rbxassetid://10080022797
CoverImageAssetId: ''
Description: ''
Filename: Our Generation (HEAVY)
HitSFXGroup: 0
MD5Hash: 375808a51de5702040445c5cbe87e453
NotePrebufferTime: 1000
TimeOffset: -70
Volume: 0.5
Difficulty:
- Overall: 37
  Chordjack: 35.580596923828125
  Handstream: 32.39910049438477
  Jack: 21.809696388244628
  Jumpstream: 34.8758960723877
  Stamina: 34.59392166137695
  Stream: 29.44530258178711
  Technical: 36.0656982421875
  Rate: 100
