Artist: DJ Sharpnel
AssetId: rbxassetid://8973545831
CoverImageAssetId: ''
Description: ''
Filename: Mmmmmmm
HitSFXGroup: 0
Mapper: IcyWorld
MD5Hash: 28cd4c9f747095b1dfe2c9fd6ebedd87
NotePrebufferTime: 1000
TimeOffset: -75
Volume: 0.5
Difficulty:
- Overall: 38
  Chordjack: 29.205896759033205
  Handstream: 35.86409568786621
  Jack: 24.286497116088867
  Jumpstream: 43.3961986541748
  Stamina: 43.35280265808105
  Stream: 37.03409843444825
  Technical: 38.1383960723877
  Rate: 100
