Artist: antiPLUR
AssetId: rbxassetid://13866869285
CoverImageAssetId: ''
Description: ''
Filename: One Life Left to Live (EXTRA II)
HitSFXGroup: 0
Mapper: -MysticEyes
MD5Hash: 3a1bbf6202938baa5eb7d29068a817f4
NotePrebufferTime: 1000
TimeOffset: -75
Volume: 0.5
Difficulty:
- Overall: 32
  Chordjack: 20.924097061157227
  Handstream: 19.064698791503908
  Jack: 23.2082971572876
  Jumpstream: 34.56359596252442
  Stamina: 31.70793342590332
  Stream: 34.211697006225585
  Technical: 32.55479736328125
  Rate: 100
