Artist: Umeboshi Chazuke
AssetId: rbxassetid://10037937172
CoverImageAssetId: ''
Description: ''
Filename: Bison Charge (HEAVY)
HitSFXGroup: 0
Mapper: _Asha
MD5Hash: 12a09296f05bc00a4f8741a5696864a3
NotePrebufferTime: 1000
TimeOffset: -70
Volume: 0.5
Difficulty:
- Overall: 38
  Chordjack: 27.122392845153808
  Handstream: 33.06419906616211
  Jack: 21.9392972946167
  Jumpstream: 38.295002746582036
  Stamina: 35.68403663635254
  Stream: 33.993896484375
  Technical: 37.24290046691895
  Rate: 100
