Artist: Camellia
AssetId: rbxassetid://10027185815
CoverImageAssetId: ''
Description: ''
Filename: '#1f1e33'
HitSFXGroup: 0
Mapper: Slick6969
MD5Hash: be8a9df57b6ba21c377cba601b0f1f62
NotePrebufferTime: 1000
TimeOffset: -70
Volume: 0.5
Difficulty:
- Overall: 36
  Chordjack: 22.87169666290283
  Handstream: 27.807294273376467
  Jack: 26.168395042419434
  Jumpstream: 30.511800384521486
  Stamina: 29.528853607177734
  Stream: 27.718193435668947
  Technical: 31.590901565551757
  Rate: 100
