Artist: U2 Akiyama
AssetId: rbxassetid://98915184394994
CoverImageAssetId: ''
Description: ''
Filename: Odoru Mizushibuki
HitSFXGroup: 0
Mapper: Shoegazer
MD5Hash: 34ce64149d09d9a4a780da050ffe7806
NotePrebufferTime: 1000
TimeOffset: -70
Volume: 0.5
Difficulty:
- Overall: 42
  Chordjack: 32.52599945068359
  Handstream: 42.34589538574219
  Jack: 27.157495880126955
  Jumpstream: 41.866201400756836
  Stamina: 39.30605049133301
  Stream: 38.82330093383789
  Technical: 42.33779983520508
  Rate: 100
