Artist: Utsu-P feat.Kagamine Rin
AssetId: rbxassetid://10718816486
CoverImageAssetId: ''
Description: ''
Filename: Tokyo Teddy Bear (EXTRA)
HitSFXGroup: 0
MD5Hash: b142d9129a904c3939f8db8f60361116
NotePrebufferTime: 1000
TimeOffset: -70
Volume: 0.5
Difficulty:
- Overall: 34
  Chordjack: 23.273095893859864
  Handstream: 28.312193298339846
  Jack: 19.669499588012695
  Jumpstream: 33.978598022460936
  Stamina: 33.296288681030276
  Stream: 27.098094177246093
  Technical: 32.090401840209964
  Rate: 100
