Artist: Ayako Ikeda
AssetId: rbxassetid://10169769808
CoverImageAssetId: ''
Description: ''
Filename: Prism [TV Size]
HitSFXGroup: 0
Mapper: BaniiYanii
MD5Hash: 34ea4308b4ff4bedc1020d20fbbf7ac0
NotePrebufferTime: 1000
TimeOffset: -3100
Volume: 0.5
Difficulty:
- Overall: 43
  Chordjack: 31.68090362548828
  Handstream: 40.961700439453125
  Jack: 25.349396896362304
  Jumpstream: 41.89229736328125
  Stamina: 41.53019828796387
  Stream: 47.29139785766602
  Technical: 44.35199890136719
  Rate: 100
