Artist: RoughSketch
AssetId: rbxassetid://129084681874249
CoverImageAssetId: ''
Description: ''
Filename: '666'
HitSFXGroup: 0
Mapper: BaniiYanii
MD5Hash: 611a35936cf7fd36be5fde8938d6255e
NotePrebufferTime: 1000
TimeOffset: -50
Volume: 0.5
Difficulty:
- Overall: 42
  Chordjack: 33.01559829711914
  Handstream: 30.574800109863283
  Jack: 28.002595138549804
  Jumpstream: 38.41919975280762
  Stamina: 36.610795211791995
  Stream: 34.82999382019043
  Technical: 38.89079818725586
  Rate: 100
