Artist: Toby Fox
AssetId: rbxassetid://2545302036
CoverImageAssetId: ''
Description: ''
Filename: Field of Hopes and Dreams
HitSFXGroup: 0
Mapper: KeyboardYEET
MD5Hash: 1a79f44f98089e99c52254bba9723593
NotePrebufferTime: 1000
TimeOffset: -75
Volume: 0.5
Difficulty:
- Overall: 49
  Chordjack: 50.42069549560547
  Handstream: 30.002402114868165
  Jack: 29.1969051361084
  Jumpstream: 29.860204696655273
  Stamina: 49.02571334838867
  Stream: 26.83979358673096
  Technical: 30.49380340576172
  Rate: 100
