Artist: Vopsi
AssetId: rbxassetid://10719162283
CoverImageAssetId: ''
Description: ''
Filename: Roboposition!! (LIGHT)
HitSFXGroup: 0
MD5Hash: e1d49740d529ec41c860bcb3d4c2e384
NotePrebufferTime: 1000
TimeOffset: -70
Volume: 0.5
Difficulty:
- Overall: 7
  Chordjack: 6.033600425720215
  Handstream: 6.606900072097779
  Jack: 5.715900707244873
  Jumpstream: 12.128399848937988
  Stamina: 10.651069164276123
  Stream: 11.60009994506836
  Technical: 12.592799663543701
  Rate: 100
