Artist: Zekk
AssetId: rbxassetid://10024713405
CoverImageAssetId: ''
Description: ''
Filename: Fallen (LIGHT)
HitSFXGroup: 0
Mapper: SunsetKR
MD5Hash: 2acd0e04519485d132560efe9569de8c
NotePrebufferTime: 1000
TimeOffset: -70
Volume: 0.5
Difficulty:
- Overall: 27
  Chordjack: 25.02089538574219
  Handstream: 30.789898681640626
  Jack: 21.879895591735842
  Jumpstream: 35.09369659423828
  Stamina: 33.106698989868164
  Stream: 28.9746036529541
  Technical: 32.03279914855957
  Rate: 100
