Artist: Hatsuki Yura
AssetId: rbxassetid://10070349065
CoverImageAssetId: rbxassetid://8351898827
Description: ''
Filename: Saramandora no Odoriko
HitSFXGroup: 0
Mapper: A_scend
MD5Hash: d82ca971c719c0e3533c1697e812aa41
NotePrebufferTime: 1000
TimeOffset: -70
Volume: 0.5
Difficulty:
- Overall: 37
  Chordjack: 29.19690170288086
  Handstream: 29.872801208496096
  Jack: 23.39729633331299
  Jumpstream: 39.08339881896973
  Stamina: 38.725955200195315
  Stream: 36.4868968963623
  Technical: 34.59959678649903
  Rate: 100
