Artist: Niki
AssetId: rbxassetid://297210451
CoverImageAssetId: ''
Description: ''
Filename: Wave (Kradness Cover)
HitSFXGroup: 0
Mapper: Skwid
MD5Hash: 858a196e01d4dd70bb5a1bb52b5ae3bf
NotePrebufferTime: 1000
TimeOffset: -70
Volume: 0.5
Difficulty:
- Overall: 37
  Chordjack: 30.657599258422852
  Handstream: 37.188895797729494
  Jack: 21.225597953796388
  Jumpstream: 38.741401290893556
  Stamina: 37.54073295593262
  Stream: 35.665198516845706
  Technical: 36.92249794006348
  Rate: 100
