Artist: Gasparatus
AssetId: rbxassetid://3137470243
CoverImageAssetId: ''
Description: ''
Filename: Collision Course
HitSFXGroup: 0
MD5Hash: 81b375f05dfc71d29e8a87231e78a3cd
NotePrebufferTime: 1000
TimeOffset: -70
Volume: 0.5
Difficulty:
- Overall: 35
  Chordjack: 19.95209541320801
  Handstream: 24.82199478149414
  Jack: 24.933595275878908
  Jumpstream: 27.548095893859863
  Stamina: 28.173077201843263
  Stream: 32.76539840698242
  Technical: 32.921098709106445
  Rate: 100
