Artist: DJ TOTTO feat.3L
AssetId: rbxassetid://10719157949
CoverImageAssetId: ''
Description: ''
Filename: Ayakashi Kakushi (HEAVY)
HitSFXGroup: 0
MD5Hash: 6b640719c9a2c99947daf150374b7366
NotePrebufferTime: 1000
TimeOffset: 1500
Volume: 0.5
Difficulty:
- Overall: 20
  Chordjack: 14.148900604248047
  Handstream: 12.672899436950685
  Jack: 19.365296745300295
  Jumpstream: 24.002095413208007
  Stamina: 22.89158535003662
  Stream: 22.404594039916994
  Technical: 23.835595893859864
  Rate: 100
