Artist: Suzaku
AssetId: rbxassetid://10024694950
CoverImageAssetId: ''
Description: ''
Filename: Vanessa
HitSFXGroup: 0
Mapper: BLACK ANOTHER
MD5Hash: 992efa6564dfbdd5ce4dd370042d2c64
NotePrebufferTime: 1000
TimeOffset: -75
Volume: 0.5
Difficulty:
- Overall: 48
  Chordjack: 51.06599807739258
  Handstream: 39.700796127319336
  Jack: 32.322601318359375
  Jumpstream: 39.53969879150391
  Stamina: 48.328514099121094
  Stream: 29.212203598022462
  Technical: 35.01359596252441
  Rate: 100
