Artist: Zekk
AssetId: rbxassetid://10024713405
CoverImageAssetId: ''
Description: ''
Filename: Fallen (EXTRA)
HitSFXGroup: 0
Mapper: SunsetKR
MD5Hash: feee77a39300f2773a8afc296392bee0
NotePrebufferTime: 1000
TimeOffset: -70
Volume: 0.5
Difficulty:
- Overall: 48
  Chordjack: 34.97759513854981
  Handstream: 45.735297775268556
  Jack: 26.474400329589844
  Jumpstream: 41.951699066162114
  Stamina: 44.51205253601074
  Stream: 48.22739868164063
  Technical: 46.891797637939455
  Rate: 100
