Artist: Frums
AssetId: rbxassetid://10054492772
CoverImageAssetId: ''
Description: ''
Filename: Theyaremanycolors (LIGHT)
HitSFXGroup: 0
Mapper: IIDXAvalon
MD5Hash: 81c2c619175ce7742a1630ce474eccc7
NotePrebufferTime: 1000
TimeOffset: -75
Volume: 0.6
Difficulty:
- Overall: 18
  Chordjack: 13.96350030899048
  Handstream: 13.505400466918946
  Jack: 14.681699752807617
  Jumpstream: 22.491897583007812
  Stamina: 19.697689819335938
  Stream: 22.35959644317627
  Technical: 24.510595893859865
  Rate: 100
