Artist: Kurokotei
AssetId: rbxassetid://3035778842
CoverImageAssetId: rbxassetid://8359898679
Description: ''
Filename: Scattered Faith (Cut)
HitSFXGroup: 0
MD5Hash: 7ae8e95b08201e4631bb6b2ea815c125
NotePrebufferTime: 1000
TimeOffset: 0
Volume: 0.5
Difficulty:
- Overall: 52
  Chordjack: 40.262396621704106
  Handstream: 40.09589881896973
  Jack: 30.15450096130371
  Jumpstream: 49.166098022460936
  Stamina: 48.76897315979004
  Stream: 40.30019989013672
  Technical: 47.15819549560547
  Rate: 100
