Artist: Mafumafu
AssetId: rbxassetid://10698115080
CoverImageAssetId: ''
Description: ''
Filename: Super Nuko Ni Narenkatta (HEAVY)
HitSFXGroup: 0
MD5Hash: bc71242de3c4f6bccc868db43a6b5153
NotePrebufferTime: 1000
TimeOffset: -70
Volume: 0.5
Difficulty:
- Overall: 31
  Chordjack: 24.716694259643557
  Handstream: 35.18099670410157
  Jack: 20.124898338317873
  Jumpstream: 33.343196868896484
  Stamina: 35.14581642150879
  Stream: 32.462999725341795
  Technical: 33.09569892883301
  Rate: 100
