Artist: F-777
AssetId: rbxassetid://13876759355
CoverImageAssetId: ''
Description: ''
Filename: Wander of Thought (HEAVY)
HitSFXGroup: 0
Mapper: Destroyer5796
MD5Hash: 990ce8123bc1ca88fb18bc681d8c2b62
NotePrebufferTime: 1000
TimeOffset: -75
Volume: 0.5
Difficulty:
- Overall: 38
  Chordjack: 41.773497390747075
  Handstream: 38.83680038452149
  Jack: 22.198499107360842
  Jumpstream: 38.20139923095703
  Stamina: 38.48879814147949
  Stream: 28.571398544311524
  Technical: 34.533895111083986
  Rate: 100
