Artist: Shiraishi
AssetId: rbxassetid://10023966701
CoverImageAssetId: rbxassetid://8359864229
Description: ''
Filename: Moon-gate (HEAVY)
HitSFXGroup: 0
Mapper: ATTang
MD5Hash: 221c707fd5e07a5e67391808c9a292a6
NotePrebufferTime: 1000
TimeOffset: -70
Volume: 0.5
Difficulty:
- Overall: 53
  Chordjack: 39.80069618225098
  Handstream: 36.80009651184082
  Jack: 32.218200302124025
  Jumpstream: 55.05749588012696
  Stamina: 51.08058242797852
  Stream: 52.781396484375
  Technical: 46.67940101623535
  Rate: 100
