Artist: DJ Sharpnel
AssetId: rbxassetid://3029446500
CoverImageAssetId: ''
Description: ''
Filename: Gate Openerz (LIGHT)
HitSFXGroup: 0
Mapper: IcyWorld
MD5Hash: 7bb927fbbff7a93e579f874b30ef3712
NotePrebufferTime: 1000
TimeOffset: -70
Volume: 0.5
Difficulty:
- Overall: 34
  Chordjack: 26.48609561920166
  Handstream: 31.518000411987305
  Jack: 24.00929832458496
  Jumpstream: 43.50509376525879
  Stamina: 43.46159133911133
  Stream: 39.30659637451172
  Technical: 38.22389373779297
  Rate: 100
