Artist: Beek
AssetId: rbxassetid://10025051444
CoverImageAssetId: ''
Description: ''
Filename: Oh delia
HitSFXGroup: 0
Mapper: IcyWorld
MD5Hash: f37a43a9791541fcf5402dd4feae42c8
NotePrebufferTime: 1000
TimeOffset: -70
Volume: 0.5
Difficulty:
- Overall: 46
  Chordjack: 36.136796951293945
  Handstream: 48.88979530334473
  Jack: 28.13759994506836
  Jumpstream: 46.00889854431153
  Stamina: 47.07334327697754
  Stream: 40.85909843444824
  Technical: 44.41859664916992
  Rate: 100
