Artist: Frums
AssetId: rbxassetid://9512659488
CoverImageAssetId: ''
Description: ''
Filename: We Want To Run
HitSFXGroup: 0
Mapper: horrortic
MD5Hash: b71759d6eb62284d2683cd786c95083c
NotePrebufferTime: 1000
TimeOffset: -70
Volume: 0.5
Difficulty:
- Overall: 48
  Chordjack: 34.38269577026367
  Handstream: 29.98080368041992
  Jack: 29.760301208496095
  Jumpstream: 52.148693847656254
  Stamina: 49.47417869567871
  Stream: 40.36050109863282
  Technical: 45.552598571777345
  Rate: 100
