Artist: Hatsune Miku
AssetId: rbxassetid://13876314283
CoverImageAssetId: ''
Description: ''
Filename: With A Dance Number (HEAVY)
HitSFXGroup: 0
Mapper: IcyWorld
MD5Hash: 13b128344d833194d98d6fcc31e26c38
NotePrebufferTime: 1000
TimeOffset: -75
Volume: 0.5
Difficulty:
- Overall: 65
  Chordjack: 47.196891403198244
  Handstream: 59.32889099121094
  Jack: 38.393096923828125
  Jumpstream: 54.31499176025391
  Stamina: 59.26956481933594
  Stream: 46.28789291381836
  Technical: 53.976595687866215
  Rate: 100
