Artist: Pastel Ghost
AssetId: rbxassetid://13873319679
CoverImageAssetId: ''
Description: ''
Filename: Silhouette
HitSFXGroup: 0
Mapper: thekyoukoo
MD5Hash: cd88cb003f3154f78215ce05fcfb942e
NotePrebufferTime: 1000
TimeOffset: -75
Volume: 0.5
Difficulty:
- Overall: 55
  Chordjack: 52.69049491882324
  Handstream: 29.599197006225587
  Jack: 40.16879997253418
  Jumpstream: 35.51039772033692
  Stamina: 52.63780517578125
  Stream: 29.854804229736327
  Technical: 34.97939758300782
  Rate: 100
