Artist: Silentroom
AssetId: rbxassetid://10044106992
CoverImageAssetId: ''
Description: ''
Filename: Rainshower
HitSFXGroup: 0
Mapper: Kaleetan
MD5Hash: ea534cd26e5526c0807863f79e8f378a
NotePrebufferTime: 1000
TimeOffset: -70
Volume: 0.5
Difficulty:
- Overall: 43
  Chordjack: 31.75920181274414
  Handstream: 40.58999862670898
  Jack: 27.826194190979006
  Jumpstream: 41.05619659423828
  Stamina: 42.75563735961914
  Stream: 45.69749450683594
  Technical: 45.37980079650879
  Rate: 100
