Artist: Yakou
AssetId: rbxassetid://10046417698
CoverImageAssetId: ''
Description: ''
Filename: Air Raid
HitSFXGroup: 0
Mapper: Jepetski
MD5Hash: a804b1677ed4efc44fd0452a66f10d47
NotePrebufferTime: 1000
TimeOffset: -70
Volume: 0.5
Difficulty:
- Overall: 41
  Chordjack: 39.77549629211426
  Handstream: 28.639793586730956
  Jack: 23.753696250915528
  Jumpstream: 36.277198791503906
  Stamina: 38.891361236572266
  Stream: 34.851595687866215
  Technical: 38.20949478149414
  Rate: 100
