Artist: THE DU
AssetId: rbxassetid://5431905260
CoverImageAssetId: ''
Description: ''
Filename: 'Crazy Noisy Bizarre Town (LIGHT) '
HitSFXGroup: 0
MD5Hash: 93b762e8678f025de39003794b95bb0f
NotePrebufferTime: 1000
TimeOffset: -70
Volume: 0.5
Difficulty:
- Overall: 17
  Chordjack: 14.094000720977784
  Handstream: 17.189996910095214
  Jack: 14.789702224731446
  Jumpstream: 24.17849636077881
  Stamina: 20.445110321044922
  Stream: 22.280397033691408
  Technical: 23.759096717834474
  Rate: 100
