Artist: Kano
AssetId: rbxassetid://13155903693
CoverImageAssetId: ''
Description: ''
Filename: Yuudachi no Ribbon
HitSFXGroup: 0
Mapper: Linther
MD5Hash: d75013ac0d377b4d1f9204942aea639d
NotePrebufferTime: 1000
TimeOffset: -190
Volume: 0.5
Difficulty:
- Overall: 54
  Chordjack: 51.16589126586914
  Handstream: 31.41090087890625
  Jack: 33.665398406982426
  Jumpstream: 34.94789428710938
  Stamina: 51.1147258758545
  Stream: 28.8998966217041
  Technical: 34.08660049438477
  Rate: 100
