Artist: Camellia feat. kradness, Nanahira & yukacco
AssetId: rbxassetid://10070250763
CoverImageAssetId: ''
Description: ''
Filename: Mazare Party
HitSFXGroup: 0
Mapper: shuniki
MD5Hash: 7c31e676e51cfc6cd5cd45938f29c3a2
NotePrebufferTime: 1000
TimeOffset: -75
Volume: 0.5
Difficulty:
- Overall: 37
  Chordjack: 27.2771936416626
  Handstream: 30.6314998626709
  Jack: 25.29719638824463
  Jumpstream: 40.11749725341797
  Stamina: 38.238938140869145
  Stream: 37.361700439453124
  Technical: 38.07990074157715
  Rate: 100
