Artist: Steelplus
AssetId: rbxassetid://9512738939
CoverImageAssetId: rbx://8356897940
Description: ''
Filename: Difference
HitSFXGroup: 0
Mapper: popop614
MD5Hash: 4e2a1de3b56fd8a6641ba8b57f3f015f
NotePrebufferTime: 1000
TimeOffset: -70
Volume: 0.5
Difficulty:
- Overall: 36
  Chordjack: 33.5564998626709
  Handstream: 35.36729736328125
  Jack: 24.279295921325684
  Jumpstream: 38.51189689636231
  Stamina: 38.47338638305664
  Stream: 33.984897994995116
  Technical: 36.595798873901366
  Rate: 100
