Artist: Amatou Mania
AssetId: rbxassetid://9561309273
CoverImageAssetId: ''
Description: ''
Filename: antilife (LIGHT)
HitSFXGroup: 0
MD5Hash: f14ef433b033f583cde8407a5f462672
NotePrebufferTime: 1000
TimeOffset: -70
Volume: 0.5
Difficulty:
- Overall: 1
  Chordjack: 3.909601163864136
  Handstream: 4.8798003673553465
  Jack: 4.443300247192383
  Jumpstream: 5.50080041885376
  Stamina: 6.278382682800293
  Stream: 8.588701057434083
  Technical: 8.484300899505616
  Rate: 100
