Artist: VITAS
AssetId: rbxassetid://13867326526
CoverImageAssetId: ''
Description: ''
Filename: The 7th Element
HitSFXGroup: 0
Mapper: Evening
MD5Hash: 41efd6b301c1212507e22bb7c5c6c0f6
NotePrebufferTime: 1000
TimeOffset: -75
Volume: 0.5
Difficulty:
- Overall: 45
  Chordjack: 30.095099258422852
  Handstream: 29.980800247192384
  Jack: 25.36109561920166
  Jumpstream: 41.20649642944336
  Stamina: 42.41996726989746
  Stream: 43.260294342041014
  Technical: 39.896998214721684
  Rate: 100
