Artist: Zekk
AssetId: rbxassetid://10070245532
CoverImageAssetId: ''
Description: ''
Filename: Swampgator (LIGHT)
HitSFXGroup: 0
MD5Hash: 1fa08ae5c758e82da09d6d1f06f9acb9
NotePrebufferTime: 1000
TimeOffset: -42
Volume: 0.5
Difficulty:
- Overall: 17
  Chordjack: 14.835599327087403
  Handstream: 16.989299011230468
  Jack: 15.431399917602539
  Jumpstream: 25.55819206237793
  Stamina: 25.53263511657715
  Stream: 23.213695907592776
  Technical: 24.619496154785157
  Rate: 100
