Artist: Yuyoyuppe
AssetId: rbxassetid://10024411784
CoverImageAssetId: ''
Description: ''
Filename: AiAe (EXTRA)
HitSFXGroup: 0
Mapper: Wafles
MD5Hash: c639469155f697d8cd662244525b4372
NotePrebufferTime: 1000
TimeOffset: -115
Volume: 0.5
Difficulty:
- Overall: 47
  Chordjack: 36.0476978302002
  Handstream: 45.62999725341797
  Jack: 41.60429763793945
  Jumpstream: 43.05059967041016
  Stamina: 45.58436965942383
  Stream: 34.468200302124025
  Technical: 42.76079750061035
  Rate: 100
