Artist: Frums + Nitro
AssetId: rbxassetid://10024418793
CoverImageAssetId: ''
Description: ''
Filename: Red and Blue and Green (HEAVY)
HitSFXGroup: 0
Mapper: Slick6969
MD5Hash: 96fbcc94674bcda85901a2606d007818
NotePrebufferTime: 1000
TimeOffset: -75
Volume: 0.5
Difficulty:
- Overall: 25
  Chordjack: 18.786597061157227
  Handstream: 24.088496017456055
  Jack: 15.718498420715333
  Jumpstream: 30.02940444946289
  Stamina: 27.847881889343263
  Stream: 26.54729461669922
  Technical: 27.799193572998046
  Rate: 100
