Artist: Carpainter ft. Onjuice (FOXSKY Version)
AssetId: rbxassetid://0
CoverImageAssetId: ''
Description: ''
Filename: PAM!!!
HitSFXGroup: 0
Mapper: '[Szy]MongolCJ'
MD5Hash: f98fbdc0e2573184e93c9839952f2875
NotePrebufferTime: 1000
TimeOffset: -75
Volume: 0.5
Difficulty:
- Overall: 53
  Chordjack: 50.42969741821289
  Handstream: 26.993693161010743
  Jack: 32.17229804992676
  Jumpstream: 31.569303131103517
  Stamina: 49.0566707611084
  Stream: 27.054893875122072
  Technical: 30.838502883911133
  Rate: 100
