Artist: DJ Sharpnel
AssetId: rbxassetid://12398313606
CoverImageAssetId: ''
Description: ''
Filename: Future Dominators
HitSFXGroup: 0
Mapper: IcyWorld
MD5Hash: 16e4435d0368c50d8a35d1ef52a4fefc
NotePrebufferTime: 1000
TimeOffset: 0
Volume: 0.5
Difficulty:
- Overall: 43
  Chordjack: 32.93010063171387
  Handstream: 44.37449684143066
  Jack: 30.8214054107666
  Jumpstream: 46.45889511108398
  Stamina: 46.41243667602539
  Stream: 37.82519645690918
  Technical: 39.849296951293944
  Rate: 100
