Artist: Silentroom
AssetId: rbxassetid://9512728478
CoverImageAssetId: ''
Description: ''
Filename: Protoflicker
HitSFXGroup: 0
MD5Hash: a27c857ffe1f7803421d0e30c0900141
NotePrebufferTime: 1000
TimeOffset: -70
Volume: 0.5
Difficulty:
- Overall: 36
  Chordjack: 33.37559623718262
  Handstream: 29.824203872680666
  Jack: 19.99529914855957
  Jumpstream: 31.599000549316408
  Stamina: 31.252931213378908
  Stream: 23.264996910095217
  Technical: 27.3095947265625
  Rate: 100
