Artist: Camellia
AssetId: rbxassetid://9512643033
CoverImageAssetId: ''
Description: ''
Filename: crystallized (LIGHT)
HitSFXGroup: 0
MD5Hash: 01048f88a80b8494567ed159f28994ce
NotePrebufferTime: 1000
TimeOffset: -70
Volume: 0.5
Difficulty:
- Overall: 21
  Chordjack: 17.39429798126221
  Handstream: 18.33479633331299
  Jack: 14.033700370788575
  Jumpstream: 28.021495056152343
  Stamina: 25.889009284973145
  Stream: 26.886593627929688
  Technical: 27.962992858886718
  Rate: 100
