Artist: cosMo VS dj TAKA
AssetId: rbxassetid://10070097205
CoverImageAssetId: --FILL IN COVERART ASSETID HERE--
Description: ''
Filename: Kyokuken  (LIGHT)
HitSFXGroup: 0
MD5Hash: 3233db2a73982ca46fbcf2c0b6053b3e
NotePrebufferTime: 940
TimeOffset: -75
Volume: 0.5
Difficulty:
- Overall: 23
  Chordjack: 15.46739902496338
  Handstream: 14.565598297119141
  Jack: 23.698795509338378
  Jumpstream: 24.56279468536377
  Stamina: 22.604713439941406
  Stream: 24.09569549560547
  Technical: 26.200794410705566
  Rate: 100
