Artist: LAST ALLIANCE
AssetId: rbxassetid://10698552237
CoverImageAssetId: --FILL IN COVERART ASSETID HERE--
Description: ''
Filename: HEKIREKI (EASY)
HitSFXGroup: 0
MD5Hash: 11c5de3752c4258efcea4fd661d1bc19
NotePrebufferTime: 1500
TimeOffset: -750
Volume: 0.5
Difficulty:
- Overall: 15
  Chordjack: 11.769768333435058
  Handstream: 10.935606479644775
  Jack: 12.444914245605469
  Jumpstream: 16.943525505065917
  Stamina: 17.661087226867675
  Stream: 20.760769844055176
  Technical: 20.912678146362307
  Rate: 100
