Artist: Camellia
AssetId: rbxassetid://13873079330
CoverImageAssetId: ''
Description: ''
Filename: (The) Red * Room
HitSFXGroup: 0
Mapper: FlappiBakuse
MD5Hash: c14c1c67d0e6e2731a5bf0cb7ecc00c0
NotePrebufferTime: 1000
TimeOffset: -75
Volume: 0.5
Difficulty:
- Overall: 32
  Chordjack: 22.229096031188966
  Handstream: 24.002095413208007
  Jack: 17.273698997497558
  Jumpstream: 33.46109733581543
  Stamina: 33.36813926696777
  Stream: 31.291201400756837
  Technical: 33.10109939575195
  Rate: 100
