Artist: ''
AssetId: rbxassetid://5295562286
CoverImageAssetId: ''
Description: ''
Filename: Kyouran Hey Kids!!
HitSFXGroup: 0
MD5Hash: c2599024042dc3d14007d3b420f0689d
NotePrebufferTime: 1000
TimeOffset: -70
Volume: 0.5
Difficulty:
- Overall: 17
  Chordjack: 34.81109390258789
  Handstream: 38.1383960723877
  Jack: 27.123300933837893
  Jumpstream: 38.618096923828126
  Stamina: 38.61814155578613
  Stream: 31.521598434448244
  Technical: 38.65679626464844
  Rate: 100
