Artist: Hyadain
AssetId: rbxassetid://10698370156
CoverImageAssetId: ''
Description: ''
Filename: Hyadain no Joujou Yuujou
HitSFXGroup: 0
MD5Hash: 6be1130c9d97dfa1a706c9c098038a46
NotePrebufferTime: 1000
TimeOffset: -125
Volume: 0.5
Difficulty:
- Overall: 29
  Chordjack: 30.27330093383789
  Handstream: 28.45619316101074
  Jack: 24.353094863891602
  Jumpstream: 26.985594177246096
  Stamina: 29.013515853881838
  Stream: 22.552195358276368
  Technical: 28.565998077392578
  Rate: 100
