Artist: Nekomata L.E.D.Master+
AssetId: rbxassetid://10698109973
CoverImageAssetId: ''
Description: ''
Filename: Chrono Diver -PENDULUMs- (HEAVY)
HitSFXGroup: 0
MD5Hash: 6b0501179bb1939eea02059077d0ab5f
NotePrebufferTime: 1000
TimeOffset: 0
Volume: 0.5
Difficulty:
- Overall: 30
  Chordjack: 22.71869659423828
  Handstream: 33.30269508361817
  Jack: 17.57790012359619
  Jumpstream: 35.140494918823244
  Stamina: 33.98217544555664
  Stream: 34.39889717102051
  Technical: 33.19109802246094
  Rate: 100
