Artist: BLANKFIELD
AssetId: rbxassetid://1720486224
CoverImageAssetId: ''
Description: ''
Filename: Goodbye (LIGHT)
HitSFXGroup: 0
Mapper: MasSpartan & Doggy2girl
MD5Hash: b5d140ea95bbd883cffa301e777cbe50
NotePrebufferTime: 1000
TimeOffset: -70
Volume: 0.5
Difficulty:
- Overall: 15
  Chordjack: 14.02290029525757
  Handstream: 13.191299629211427
  Jack: 12.867301654815675
  Jumpstream: 25.16579647064209
  Stamina: 22.58291244506836
  Stream: 24.08309555053711
  Technical: 24.70319480895996
  Rate: 100
