Artist: Ayo
AssetId: rbxassetid://13876349677
CoverImageAssetId: ''
Description: ''
Filename: Hanjuuryoku no Machi
HitSFXGroup: 0
Mapper: Xingyue-
MD5Hash: a81493c94d454779fd6055962ee67329
NotePrebufferTime: 1000
TimeOffset: -75
Volume: 0.5
Difficulty:
- Overall: 44
  Chordjack: 32.21730079650879
  Handstream: 27.2771936416626
  Jack: 27.393295097351075
  Jumpstream: 44.49329681396485
  Stamina: 45.62219009399414
  Stream: 46.97189483642578
  Technical: 44.702998352050784
  Rate: 100
