Artist: Kobaryo
AssetId: rbxassetid://9512593644
CoverImageAssetId: ''
Description: ''
Filename: northern_limit [feat. Sennzai]
HitSFXGroup: 0
Mapper: Nosteal
MD5Hash: b3ec0fbfc8ce1a148a62b105643a3a75
NotePrebufferTime: 1000
TimeOffset: -75
Volume: 0.5
Difficulty:
- Overall: 64
  Chordjack: 40.74840087890625
  Handstream: 45.49860076904297
  Jack: 33.580800247192386
  Jumpstream: 62.33399505615235
  Stamina: 57.73716430664063
  Stream: 54.968396759033205
  Technical: 55.0943962097168
  Rate: 100
