Artist: Comment le vent
AssetId: rbxassetid://137292605046770
CoverImageAssetId: --FILL IN COVERART ASSETID HERE--
Description: ''
Filename: Alkan (trills)
HitSFXGroup: 0
Mapper: Random02
MD5Hash: ff3d316fd4d33f512338d8704a975f1a
NotePrebufferTime: 1500
TimeOffset: -1975
Volume: 0.5
Difficulty:
- Overall: 34
  Chordjack: 24.062394905090333
  Handstream: 23.759096717834474
  Jack: 26.066694259643555
  Jumpstream: 32.3973014831543
  Stamina: 38.30115165710449
  Stream: 40.72680244445801
  Technical: 40.876202774047854
  Rate: 100
