Artist: Aya Hirano
AssetId: rbxassetid://179225156
CoverImageAssetId: ''
Description: ''
Filename: Super Driver (TV Size) (EXTRA)
HitSFXGroup: 0
Mapper: BaniiYanii
MD5Hash: ed5764d2fb8e8eb4cbddbba16a6bf119
NotePrebufferTime: 1000
TimeOffset: -75
Volume: 0.5
Difficulty:
- Overall: 36
  Chordjack: 29.51100425720215
  Handstream: 30.03120346069336
  Jack: 20.971796607971193
  Jumpstream: 30.236400604248047
  Stamina: 28.532865715026855
  Stream: 21.77819652557373
  Technical: 27.82079544067383
  Rate: 100
