Artist: xi
AssetId: rbxassetid://1931257268
CoverImageAssetId: ''
Description: ''
Filename: Freedom Dive (short) (LIGHT)
HitSFXGroup: 0
Mapper: ArcadeSona
MD5Hash: 46bba513f6e02b80675fbbb9595fb5c1
NotePrebufferTime: 1000
TimeOffset: 0
Volume: 0.5
Difficulty:
- Overall: 26
  Chordjack: 22.02209644317627
  Handstream: 23.795095825195315
  Jack: 18.574197006225585
  Jumpstream: 30.310204696655273
  Stamina: 29.503870010375977
  Stream: 27.125094795227053
  Technical: 29.875499725341797
  Rate: 100
