Artist: Kobaryo
AssetId: rbxassetid://10049435232
CoverImageAssetId: ''
Description: ''
Filename: Dotabata Animation [feat. t+pazolite] (LIGHT)
HitSFXGroup: 0
MD5Hash: ff5cf7eb6b3b031a822d2a3e9aefb5e5
NotePrebufferTime: 1000
TimeOffset: -70
Volume: 0.5
Difficulty:
- Overall: 25
  Chordjack: 18.421198654174805
  Handstream: 21.290394973754882
  Jack: 15.070499038696289
  Jumpstream: 28.153794479370116
  Stamina: 27.236111640930176
  Stream: 23.433297157287598
  Technical: 25.62839469909668
  Rate: 100
