Artist: Viljo Vesterinen
AssetId: rbxassetid://10727739759
CoverImageAssetId: ''
Description: ''
Filename: Sakkijarven Polkka (Tetsuo K. Rock Cover) (LIGHT)
HitSFXGroup: 0
Mapper: tercessss
MD5Hash: 9da8793acbe5586106a7b0b522743099
NotePrebufferTime: 1000
TimeOffset: -75
Volume: 0.5
Difficulty:
- Overall: 23
  Chordjack: 17.028897857666017
  Handstream: 13.818600940704346
  Jack: 12.99690170288086
  Jumpstream: 27.68939380645752
  Stamina: 25.338839721679687
  Stream: 25.975794410705568
  Technical: 24.30179557800293
  Rate: 100
