Artist: Renard
AssetId: rbxassetid://13867188005
CoverImageAssetId: ''
Description: ''
Filename: THIS JELLY
HitSFXGroup: 0
Mapper: yeahitsryan
MD5Hash: 4534265304b6a188d1b481d9a952c018
NotePrebufferTime: 1000
TimeOffset: -75
Volume: 0.5
Difficulty:
- Overall: 41
  Chordjack: 37.713595962524415
  Handstream: 32.86007652282715
  Jack: 21.663446044921876
  Jumpstream: 30.810776138305666
  Stamina: 35.02424583435059
  Stream: 21.795474243164062
  Technical: 27.248399162292483
  Rate: 100
