Artist: Kuroneko dungeon
AssetId: rbxassetid://10698215838
CoverImageAssetId: ''
Description: ''
Filename: Dragon and Girl and Decoherence (HEAVY)
HitSFXGroup: 0
MD5Hash: 47fa2743d571740b5f69fc4109c4f8ab
NotePrebufferTime: 1000
TimeOffset: -70
Volume: 0.5
Difficulty:
- Overall: 18
  Chordjack: 13.767299938201905
  Handstream: 12.780900192260743
  Jack: 12.867301654815675
  Jumpstream: 21.669296264648438
  Stamina: 21.711346435546876
  Stream: 25.27829647064209
  Technical: 25.091995811462404
  Rate: 100
