Artist: Eptic
AssetId: rbxassetid://10719386040
CoverImageAssetId: ''
Description: ''
Filename: Brainstorm
HitSFXGroup: 0
Mapper: Alamanar
MD5Hash: d2bb18b032099583340d7ecd233bab5f
NotePrebufferTime: 1000
TimeOffset: -70
Volume: 0.5
Difficulty:
- Overall: 35
  Chordjack: 19.354497528076173
  Handstream: 19.3373966217041
  Jack: 41.731200027465825
  Jumpstream: 26.05319480895996
  Stamina: 24.704871940612794
  Stream: 28.735199546813966
  Technical: 29.99700508117676
  Rate: 100
