Artist: Camellia
AssetId: rbxassetid://10049472906
CoverImageAssetId: ''
Description: ''
Filename: Diastrophism (LIGHT)
HitSFXGroup: 0
Mapper: BaniiYanii
MD5Hash: ff17514287f99f144588f3672bc3808a
NotePrebufferTime: 1000
TimeOffset: -70
Volume: 0.5
Difficulty:
- Overall: 37
  Chordjack: 34.6715950012207
  Handstream: 35.95679969787598
  Jack: 26.99370174407959
  Jumpstream: 41.36220016479492
  Stamina: 38.17186317443848
  Stream: 33.33149642944336
  Technical: 38.001599121093754
  Rate: 100
