Artist: Unknown Artist
AssetId: rbxassetid://5846500566
CoverImageAssetId: ''
Description: ''
Filename: Reform Stamina Mashup
HitSFXGroup: 0
MD5Hash: f17408d067b8770f2a6b4122c8105524
NotePrebufferTime: 1000
TimeOffset: -70
Volume: 0.5
Difficulty:
- Overall: 53.90603942871094
  Chordjack: 36.14669494628907
  Handstream: 46.775696182250975
  Jack: 35.69129447937012
  Jumpstream: 53.0432933807373
  Stamina: 52.99025344848633
  Stream: 42.53939895629883
  Technical: 46.34909706115723
  Rate: 100
