Artist: xi
AssetId: rbxassetid://10049421136
CoverImageAssetId: ''
Description: ''
Filename: Glorious Crown (LIGHT)
HitSFXGroup: 0
Mapper: Avalon
MD5Hash: f736382044e61db1b4e2723a20fcc811
NotePrebufferTime: 1000
TimeOffset: -150
Volume: 0.5
Difficulty:
- Overall: 21
  Chordjack: 16.667097473144533
  Handstream: 15.075902938842773
  Jack: 13.774501132965089
  Jumpstream: 28.048493957519533
  Stamina: 26.170113372802735
  Stream: 26.23769474029541
  Technical: 26.128794479370118
  Rate: 100
