Artist: Neil Cicierega
AssetId: rbxassetid://788365597
CoverImageAssetId: ''
Description: ''
Filename: Wallspin
HitSFXGroup: 0
Mapper: Pope Gadget
MD5Hash: dc2412bd90add7483cb669e98a8b561c
NotePrebufferTime: 1000
TimeOffset: -70
Volume: 0.5
Difficulty:
- Overall: 44
  Chordjack: 34.37549285888672
  Handstream: 34.04789772033691
  Jack: 24.077696800231934
  Jumpstream: 42.18749656677246
  Stamina: 43.99895324707031
  Stream: 45.85679626464844
  Technical: 44.36189346313477
  Rate: 100
