Artist: Mr. Asyu
AssetId: rbxassetid://10064701849
CoverImageAssetId: ''
Description: ''
Filename: Haunted Dance (HEAVY)
HitSFXGroup: 0
Mapper: wolfyou
MD5Hash: 80861701776cdbd5a2e51b2da80aa4e7
NotePrebufferTime: 1000
TimeOffset: -70
Volume: 0.5
Difficulty:
- Overall: 40
  Chordjack: 25.487095069885253
  Handstream: 29.780097198486327
  Jack: 22.344296264648438
  Jumpstream: 40.044596099853514
  Stamina: 40.00455436706543
  Stream: 35.5562931060791
  Technical: 36.405893325805664
  Rate: 100
