Artist: Shiraishi
AssetId: rbxassetid://10024155521
CoverImageAssetId: ''
Description: ''
Filename: Odin
HitSFXGroup: 0
Mapper: Fullerene-
MD5Hash: f77c908e26cd19e160de75f208c8df0e
NotePrebufferTime: 1000
TimeOffset: -36
Volume: 0.5
Difficulty:
- Overall: 49
  Chordjack: 34.46369590759277
  Handstream: 32.85629997253418
  Jack: 32.74649848937988
  Jumpstream: 49.727698516845706
  Stamina: 46.619601058959965
  Stream: 50.75819549560547
  Technical: 46.482295989990234
  Rate: 100
