Artist: Ata
AssetId: rbxassetid://13109603812
CoverImageAssetId: ''
Description: ''
Filename: Euphoria
HitSFXGroup: 0
Mapper: windoze
MD5Hash: 9f475a5eb41fc51c74931c81329d9edf
NotePrebufferTime: 1000
TimeOffset: -75
Volume: 0.5
Difficulty:
- Overall: 48
  Chordjack: 34.06319618225098
  Handstream: 32.499000549316406
  Jack: 28.026001167297363
  Jumpstream: 46.46159362792969
  Stamina: 46.4151351928711
  Stream: 45.22949409484863
  Technical: 45.759594726562504
  Rate: 100
