Artist: 150P feat. IA
AssetId: rbxassetid://10049467087
CoverImageAssetId: ''
Description: ''
Filename: Underdog Supremacist (3K)
HitSFXGroup: 0
Mapper: Evening
MD5Hash: 8e76bf6363fd5c5761d3c16945e036fb
NotePrebufferTime: 1000
TimeOffset: -70
Volume: 0.5
Difficulty:
- Overall: 42
  Chordjack: 31.4846981048584
  Handstream: 27.250193023681643
  Jack: 24.27209815979004
  Jumpstream: 47.097894287109376
  Stamina: 46.05648994445801
  Stream: 44.22779846191406
  Technical: 41.06429901123047
  Rate: 100
