Artist: Kairiki bear
AssetId: rbxassetid://5837530414
CoverImageAssetId: ''
Description: ''
Filename: Venom [Cut ver.] (LN)
HitSFXGroup: 0
MD5Hash: 35406c263c3bea0ec25c1e6a5d643648
NotePrebufferTime: 1000
TimeOffset: -70
Volume: 0.5
Difficulty:
- Overall: 31
  Chordjack: 15.897599601745606
  Handstream: 23.873394012451172
  Jack: 12.295799732208252
  Jumpstream: 24.713995742797852
  Stamina: 23.863829040527346
  Stream: 21.662096786499024
  Technical: 24.434994506835938
  Rate: 100
