Artist: SHK
AssetId: rbxassetid://13867329795
CoverImageAssetId: ''
Description: ''
Filename: Log-in
HitSFXGroup: 0
Mapper: yeahitsryan
MD5Hash: c3cccc567d250e7c5817a4af128325db
NotePrebufferTime: 1000
TimeOffset: -75
Volume: 0.5
Difficulty:
- Overall: 47
  Chordjack: 50.957096099853516
  Handstream: 38.02049560546875
  Jack: 31.05
  Jumpstream: 40.43609733581543
  Stamina: 49.39995231628418
  Stream: 29.82150192260742
  Technical: 35.00189552307129
  Rate: 100
