Artist: Minamotoya feat. Kuroa
AssetId: rbxassetid://10719136730
CoverImageAssetId: ''
Description: ''
Filename: Hana Kagerou (HEAVY)
HitSFXGroup: 0
MD5Hash: 5a9baf808b09b284fb81a0678a72f601
NotePrebufferTime: 1000
TimeOffset: -70
Volume: 0.5
Difficulty:
- Overall: 19
  Chordjack: 14.868901634216309
  Handstream: 19.632595825195313
  Jack: 13.126501750946046
  Jumpstream: 24.824695014953615
  Stamina: 23.519581031799316
  Stream: 21.9878963470459
  Technical: 24.249595069885256
  Rate: 100
