Artist: DJ Sharpnel
AssetId: rbxassetid://10024188760
CoverImageAssetId: ''
Description: ''
Filename: 11ELEVEN
HitSFXGroup: 0
Mapper: IcyWorld
MD5Hash: eb2e0b46dcba374f5f5273c0b2c7067e
NotePrebufferTime: 1000
TimeOffset: -70
Volume: 0.5
Difficulty:
- Overall: 49
  Chordjack: 33.65189895629883
  Handstream: 41.075996017456056
  Jack: 30.619802856445315
  Jumpstream: 46.84139442443848
  Stamina: 44.549258422851565
  Stream: 46.6568962097168
  Technical: 45.6596981048584
  Rate: 100
