Artist: Gram vs. Kobaryo
AssetId: rbxassetid://10049585431
CoverImageAssetId: ''
Description: ''
Filename: Yggdrasil
HitSFXGroup: 0
Mapper: MEGAtive
MD5Hash: 14630d44392d8b1386ea3027e2d364dc
NotePrebufferTime: 1000
TimeOffset: -70
Volume: 0.5
Difficulty:
- Overall: 41
  Chordjack: 27.693893051147462
  Handstream: 27.26909465789795
  Jack: 23.7392972946167
  Jumpstream: 41.05530052185059
  Stamina: 40.35349044799805
  Stream: 36.89370002746582
  Technical: 37.6721981048584
  Rate: 100
