Artist: cYsmix
AssetId: rbxassetid://13866835102
CoverImageAssetId: ''
Description: ''
Filename: Classic Pursuit
HitSFXGroup: 0
Mapper: ZirconEscalus
MD5Hash: eb44059852809372e7aacdc80a87e14b
NotePrebufferTime: 1000
TimeOffset: -75
Volume: 0.5
Difficulty:
- Overall: 36
  Chordjack: 27.406794548034668
  Handstream: 35.710197830200194
  Jack: 21.269697761535646
  Jumpstream: 38.22839813232422
  Stamina: 35.82618255615235
  Stream: 35.36909294128418
  Technical: 37.916098022460936
  Rate: 100
