Artist: xelloscope
AssetId: rbxassetid://10046432273
CoverImageAssetId: ''
Description: ''
Filename: Apollo
HitSFXGroup: 0
Mapper: Trixta
MD5Hash: c26fa8c7336da31ac03b0eb319561ed1
NotePrebufferTime: 1000
TimeOffset: -11625
Volume: 0.5
Difficulty:
- Overall: 46
  Chordjack: 47.98889579772949
  Handstream: 35.26469535827637
  Jack: 37.64429626464844
  Jumpstream: 39.47940101623535
  Stamina: 43.73818588256836
  Stream: 31.97340431213379
  Technical: 39.976202774047856
  Rate: 100
