Artist: Camellia
AssetId: rbxassetid://10080183729
CoverImageAssetId: ''
Description: ''
Filename: Ultimate Ascension (LIGHT)
HitSFXGroup: 0
Mapper: 'Fresh Chicken'
MD5Hash: d23810a702e05a616fe66cfcbd003299
NotePrebufferTime: 1000
TimeOffset: -75
Volume: 0.5
Difficulty:
- Overall: 26
  Chordjack: 17.686796951293946
  Handstream: 15.979500961303712
  Jack: 14.422499656677246
  Jumpstream: 24.918295097351074
  Stamina: 27.554720306396487
  Stream: 29.520002746582033
  Technical: 28.021495056152343
  Rate: 100
