Artist: CONORY
AssetId: rbxassetid://10070248143
CoverImageAssetId: ''
Description: ''
Filename: RAMENIA 21 (DUMPMENIA 21)
HitSFXGroup: 0
Mapper: ArcadeSona
MD5Hash: 5ff2e5faf609d5f85c1ccee405d03981
NotePrebufferTime: 1000
TimeOffset: -70
Volume: 0.5
Difficulty:
- Overall: 37
  Chordjack: 28.10159397125244
  Handstream: 30.61080093383789
  Jack: 21.214798736572266
  Jumpstream: 39.46679763793946
  Stamina: 38.564940261840825
  Stream: 38.59290046691895
  Technical: 38.25540046691895
  Rate: 100
