Artist: gmtn. (witch's slave)
AssetId: rbxassetid://10698306496
CoverImageAssetId: ''
Description: ''
Filename: furioso melodia
HitSFXGroup: 0
MD5Hash: 7a407911fff023ca4b99ae56b3aa72d3
NotePrebufferTime: 1000
TimeOffset: -70
Volume: 0.5
Difficulty:
- Overall: 32
  Chordjack: 21.500996017456057
  Handstream: 27.483293724060058
  Jack: 19.699197006225585
  Jumpstream: 31.9158016204834
  Stamina: 31.883886337280273
  Stream: 28.55969467163086
  Technical: 31.070698928833007
  Rate: 100
