Artist: NOMA
AssetId: rbxassetid://10698486246
CoverImageAssetId: ''
Description: ''
Filename: Brain Power (FX)
HitSFXGroup: 0
MD5Hash: 45f22039c5e775b219c61b41058e3298
NotePrebufferTime: 940
TimeOffset: -65
Volume: 0.5
Difficulty:
- Overall: 25
  Chordjack: 21.067197418212892
  Handstream: 22.044594383239748
  Jack: 24.25319480895996
  Jumpstream: 28.460694122314454
  Stamina: 25.671672248840334
  Stream: 25.631096649169923
  Technical: 29.755803680419923
  Rate: 100
