Artist: Puru
AssetId: rbxassetid://5301160733
CoverImageAssetId: ''
Description: ''
Filename: Snow White
HitSFXGroup: 0
MD5Hash: 44feda69c22a18b0232ea5ff6cd2dfe2
NotePrebufferTime: 1000
TimeOffset: -70
Volume: 0.5
Difficulty:
- Overall: 18
  Chordjack: 10.675799560546876
  Handstream: 11.9079008102417
  Jack: 13.904101181030274
  Jumpstream: 18.447298049926758
  Stamina: 15.730806541442872
  Stream: 19.9466983795166
  Technical: 20.81879825592041
  Rate: 100
