Artist: Onett
AssetId: rbxassetid://10024757065
CoverImageAssetId: ''
Description: ''
Filename: GET STICK BUGGED (Camellia Remix) (LIGHT)
HitSFXGroup: 0
Mapper: Bunnrei
MD5Hash: 9f955ed832aeda2c7e8543957b211806
NotePrebufferTime: 1000
TimeOffset: -70
Volume: 0.5
Difficulty:
- Overall: 24
  Chordjack: 18.544939041137695
  Handstream: 16.78030815124512
  Jack: 16.956686782836915
  Jumpstream: 29.523113250732422
  Stamina: 27.063595390319826
  Stream: 22.240549278259277
  Technical: 24.59032917022705
  Rate: 100
