Artist: Evoke
AssetId: rbxassetid://10024608672
CoverImageAssetId: ''
Description: ''
Filename: Edison (Sped Up)
HitSFXGroup: 0
Mapper: Elekton
MD5Hash: b643b32cab868773a083aeaa92e4de61
NotePrebufferTime: 1000
TimeOffset: -67
Volume: 0.5
Difficulty:
- Overall: 54
  Chordjack: 32.32619934082032
  Handstream: 38.76929969787598
  Jack: 26.93250274658203
  Jumpstream: 44.2781982421875
  Stamina: 48.27489395141602
  Stream: 50.8382926940918
  Technical: 49.82490005493164
  Rate: 100
