Artist: ELISA
AssetId: rbxassetid://9512597669
CoverImageAssetId: ''
Description: ''
Filename: euphoric field (HEAVY)
HitSFXGroup: 0
MD5Hash: 349f2d370d3b0a9643fde2b3c8d9f573
NotePrebufferTime: 1000
TimeOffset: -70
Volume: 0.5
Difficulty:
- Overall: 70
  Chordjack: 40.311896896362306
  Handstream: 58.84559555053711
  Jack: 39.82589950561523
  Jumpstream: 61.02720565795899
  Stamina: 57.94786834716797
  Stream: 48.015894699096684
  Technical: 55.781096649169925
  Rate: 100
