Artist: korea
AssetId: rbxassetid://9513194600
CoverImageAssetId: ''
Description: ''
Filename: Oronamin C
HitSFXGroup: 0
Mapper: Zenx
MD5Hash: 2d1d2252a677e88097dea8040a37d76a
NotePrebufferTime: 1050
TimeOffset: -50
Volume: 0.5
Difficulty:
- Overall: 37
  Chordjack: 28.09160842895508
  Handstream: 31.653176879882814
  Jack: 24.231144905090332
  Jumpstream: 40.265908813476564
  Stamina: 35.99524154663086
  Stream: 30.57992935180664
  Technical: 33.33798179626465
  Rate: 100
