Artist: Kero Kero Bonito
AssetId: rbxassetid://10054680856
CoverImageAssetId: ''
Description: ''
Filename: Flamingo (W3TN Remix) (LIGHT)
HitSFXGroup: 0
MD5Hash: 399044cc4e7bb2a727aaa573ed5ad082
NotePrebufferTime: 1000
TimeOffset: -1110
Volume: 0.5
Difficulty:
- Overall: 14
  Chordjack: 9.845100116729737
  Handstream: 9.541801929473877
  Jack: 9.915300178527833
  Jumpstream: 13.14990005493164
  Stamina: 15.578717994689942
  Stream: 18.041397857666016
  Technical: 18.490498352050782
  Rate: 100
