Artist: ZirconEscalus
AssetId: rbxassetid://13025136255
CoverImageAssetId: ''
Description: ''
Filename: Celestial Scars! (EXTRA)
HitSFXGroup: 0
Mapper: -Yisus
MD5Hash: 41e6e2fdb496a3b614cbca0553133e34
NotePrebufferTime: 1000
TimeOffset: -75
Volume: 0.5
Difficulty:
- Overall: 54
  Chordjack: 55.41839332580567
  Handstream: 35.51759376525879
  Jack: 33.84270057678223
  Jumpstream: 43.883995056152344
  Stamina: 52.62903671264649
  Stream: 33.88319892883301
  Technical: 40.3280948638916
  Rate: 100
