Artist: Dormir
AssetId: rbxassetid://8426417495
CoverImageAssetId: ''
Description: ''
Filename: Tokonyatsu Tropical
HitSFXGroup: 0
Mapper: A_scend // if you play this you will get a skillboost in the next 32 years
MD5Hash: 511551675378b93d89b04c1d3c710d90
NotePrebufferTime: 1000
TimeOffset: -75
Volume: 0.5
Difficulty:
- Overall: 44
  Chordjack: 44.78039703369141
  Handstream: 37.22399711608887
  Jack: 28.446298599243164
  Jumpstream: 35.41769714355469
  Stamina: 43.60099067687988
  Stream: 26.265594863891604
  Technical: 33.264898681640624
  Rate: 100
