Artist: Ryu* ft. kradness remixed by Quarks
AssetId: rbxassetid://13872275568
CoverImageAssetId: ''
Description: ''
Filename: CRITICAL LINE (Quarks Remix)
HitSFXGroup: 0
Mapper: Ena
MD5Hash: 93fa742e754cfed2397604829f68004f
NotePrebufferTime: 1000
TimeOffset: -75
Volume: 0.5
Difficulty:
- Overall: 62
  Chordjack: 61.062293243408206
  Handstream: 47.8601978302002
  Jack: 39.25979804992676
  Jumpstream: 48.849296951293944
  Stamina: 61.00123672485352
  Stream: 34.90469741821289
  Technical: 43.418696594238284
  Rate: 100
