Artist: Lady Gaga
AssetId: rbxassetid://5624457394
CoverImageAssetId: ''
Description: Made by MinaciousGrace
Filename: Telephone (ft. Beyonce)
HitSFXGroup: 0
MD5Hash: 6bb23f36f01aae3cc36b50cf25e725db
NotePrebufferTime: 1000
TimeOffset: 200
Volume: 0.5
Difficulty:
- Overall: 43
  Chordjack: 27.386993408203125
  Handstream: 26.70479393005371
  Jack: 24.704096031188964
  Jumpstream: 41.66100082397461
  Stamina: 41.61934204101563
  Stream: 40.905896759033205
  Technical: 40.71330299377441
  Rate: 100
