Artist: Kiyoshi Hikawa
AssetId: rbxassetid://10719197936
CoverImageAssetId: ''
Description: ''
Filename: Limit-Break x Survivor (EXTRA)
HitSFXGroup: 0
MD5Hash: 26ccf07f54a2f6d9e8b6f5115e97fe34
NotePrebufferTime: 850
TimeOffset: -60
Volume: 0.5
Difficulty:
- Overall: 34
  Chordjack: 27.915295028686526
  Handstream: 37.94220085144043
  Jack: 22.002298736572268
  Jumpstream: 37.65689964294434
  Stamina: 35.56171073913574
  Stream: 33.458395385742186
  Technical: 33.58889579772949
  Rate: 100
