Artist: antiPLUR
AssetId: rbxassetid://13866834277
CoverImageAssetId: ''
Description: ''
Filename: Runengon (EXTRA II)
HitSFXGroup: 0
Mapper: Raveille
MD5Hash: 3b5ee2ef435df65d208f4dd3ff14f776
NotePrebufferTime: 1000
TimeOffset: -75
Volume: 0.5
Difficulty:
- Overall: 35
  Chordjack: 25.262095069885255
  Handstream: 36.26729736328125
  Jack: 23.00939483642578
  Jumpstream: 36.36539497375488
  Stamina: 36.329033660888676
  Stream: 35.390694808959964
  Technical: 35.5355941772461
  Rate: 100
