Artist: Camellia
AssetId: rbxassetid://9512643033
CoverImageAssetId: ''
Description: Made by Evening
Filename: Crystallized
HitSFXGroup: 0
Mapper: Evening
MD5Hash: 69a096f754afb6d4d5280218310a2c4a
NotePrebufferTime: 1000
TimeOffset: -70
Volume: 0.5
Difficulty:
- Overall: 43
  Chordjack: 31.010401153564455
  Handstream: 39.42539978027344
  Jack: 26.99549560546875
  Jumpstream: 44.4383960723877
  Stamina: 44.2813362121582
  Stream: 41.540398406982426
  Technical: 42.1748966217041
  Rate: 100
