Artist: Sisato with Na+
AssetId: rbxassetid://13025234442
CoverImageAssetId: ''
Description: ''
Filename: CG901B
HitSFXGroup: 0
Mapper: '[Crz]Rachel'
MD5Hash: 4e69d2cc516421e470aa2373fd2f9662
NotePrebufferTime: 1000
TimeOffset: -75
Volume: 0.5
Difficulty:
- Overall: 56
  Chordjack: 55.99979667663575
  Handstream: 42.84809761047364
  Jack: 36.0836986541748
  Jumpstream: 43.828198242187504
  Stamina: 53.15870819091797
  Stream: 28.92330093383789
  Technical: 36.24930038452148
  Rate: 100
