Artist: Croove
AssetId: rbxassetid://10698485022
CoverImageAssetId: ''
Description: ''
Filename: Minus 2 (HEAVY)
HitSFXGroup: 0
MD5Hash: 0a11c144e41324876580c3f8d601ec9f
NotePrebufferTime: 1000
TimeOffset: -70
Volume: 0.5
Difficulty:
- Overall: 26
  Chordjack: 25.34399642944336
  Handstream: 24.96869487762451
  Jack: 17.40329818725586
  Jumpstream: 29.754001235961915
  Stamina: 28.335122108459473
  Stream: 22.199395179748535
  Technical: 28.384193229675294
  Rate: 100
