Artist: JENNY ROM
AssetId: rbxassetid://13867180583
CoverImageAssetId: ''
Description: ''
Filename: SENORITA (Speedy Mix)
HitSFXGroup: 0
Mapper: yeahitsryan
MD5Hash: 1283b637fbf63e0fa349dc2e1df33bed
NotePrebufferTime: 1000
TimeOffset: -75
Volume: 0.5
Difficulty:
- Overall: 45
  Chordjack: 30.62159843444824
  Handstream: 32.4153018951416
  Jack: 26.29529571533203
  Jumpstream: 37.4156982421875
  Stamina: 44.01135406494141
  Stream: 47.44529914855957
  Technical: 44.36999931335449
  Rate: 100
