Artist: PSO2
AssetId: rbxassetid://10049138372
CoverImageAssetId: ''
Description: ''
Filename: Borderless -Attack-
HitSFXGroup: 0
Mapper: bengbeng14
MD5Hash: d89448536b974b9b1860384eab70c692
NotePrebufferTime: 1000
TimeOffset: -70
Volume: 0.5
Difficulty:
- Overall: 44
  Chordjack: 32.493600082397464
  Handstream: 43.60679969787598
  Jack: 25.55999622344971
  Jumpstream: 45.20879859924317
  Stamina: 45.72706146240235
  Stream: 49.54229736328125
  Technical: 45.74429969787598
  Rate: 100
