Artist: Go Ichinose
AssetId: rbxassetid://8650482062
CoverImageAssetId: ''
Description: ''
Filename: Approaching Champion Cynthia!
HitSFXGroup: 0
Mapper: SimpIe
MD5Hash: c242efe84be334b70c4bebc185d7030a
NotePrebufferTime: 1000
TimeOffset: -75
Volume: 0.5
Difficulty:
- Overall: 31
  Chordjack: 23.89409637451172
  Handstream: 34.815594863891604
  Jack: 35.268296813964845
  Jumpstream: 33.57719879150391
  Stamina: 20.878833389282228
  Stream: 28.866604614257813
  Technical: 33.404397583007814
  Rate: 100
