Artist: maras k
AssetId: rbxassetid://10698492121
CoverImageAssetId: ''
Description: ''
Filename: Play Time!! (LIGHT)
HitSFXGroup: 0
MD5Hash: 370630ca126d04786f78c3e6eac41ac6
NotePrebufferTime: 1000
TimeOffset: -70
Volume: 0.5
Difficulty:
- Overall: 12
  Chordjack: 8.803800487518311
  Handstream: 8.95230131149292
  Jack: 10.95300006866455
  Jumpstream: 15.203701400756836
  Stamina: 14.527092933654785
  Stream: 13.830300521850587
  Technical: 15.788699340820314
  Rate: 100
