Artist: EastNewSound
AssetId: rbxassetid://10017746937
CoverImageAssetId: ''
Description: ''
Filename: Nijiiro Kekkai, Gekkyou no Goku
HitSFXGroup: 0
Mapper: signupredir111
MD5Hash: acadf19f0fee7d8f6a79f0127f1d2724
NotePrebufferTime: 1000
TimeOffset: -75
Volume: 0.5
Difficulty:
- Overall: 56
  Chordjack: 57.92128829956055
  Handstream: 34.18109664916992
  Jack: 37.40490074157715
  Jumpstream: 37.67940101623535
  Stamina: 57.86336975097657
  Stream: 31.31730079650879
  Technical: 36.148493957519534
  Rate: 100
