Artist: Camellia
AssetId: rbxassetid://10017889078
CoverImageAssetId: rbxassetid://8357009326
Description: ''
Filename: Blackmagik Blazing
HitSFXGroup: 0
Mapper: Teradora
MD5Hash: 12476746ba9d72b6e7269c27842837a4
NotePrebufferTime: 1000
TimeOffset: -80
Volume: 0.5
Difficulty:
- Overall: 56
  Chordjack: 40.88969879150391
  Handstream: 54.38969192504883
  Jack: 34.681496429443364
  Jumpstream: 52.343992996215825
  Stamina: 54.335302734375
  Stream: 47.32919425964356
  Technical: 50.81579818725586
  Rate: 100
