Artist: xi
AssetId: rbxassetid://10698216402
CoverImageAssetId: ''
Description: ''
Filename: Wish Upon Twin Stars (EXTRA)
HitSFXGroup: 0
MD5Hash: 8483c24c61631a958ace5014baded4bb
NotePrebufferTime: 1000
TimeOffset: -70
Volume: 0.5
Difficulty:
- Overall: 29
  Chordjack: 23.897694396972657
  Handstream: 29.0564998626709
  Jack: 21.9392972946167
  Jumpstream: 33.30809898376465
  Stamina: 29.6000244140625
  Stream: 28.913406372070312
  Technical: 34.10279846191406
  Rate: 100
