Artist: Nekomata Gekidan
AssetId: rbxassetid://10070083417
CoverImageAssetId: ''
Description: ''
Filename: envidia
HitSFXGroup: 0
MD5Hash: cdb181cc677036bb0d68dcf0f1a28fc8
NotePrebufferTime: 1000
TimeOffset: -70
Volume: 0.5
Difficulty:
- Overall: 38
  Chordjack: 25.02989387512207
  Handstream: 19.051197624206544
  Jack: 21.296698379516602
  Jumpstream: 35.37719535827637
  Stamina: 35.34181938171387
  Stream: 33.12719879150391
  Technical: 33.58529777526856
  Rate: 100
