Artist: xi
AssetId: rbxassetid://10054657621
CoverImageAssetId: ''
Description: ''
Filename: Dusk to Dawn
HitSFXGroup: 0
Mapper: 'horrortic'
MD5Hash: 34ca849895173d90c62708f5f9804536
NotePrebufferTime: 1000
TimeOffset: -75
Volume: 0.6
Difficulty:
- Overall: 26
  Chordjack: 19.783795166015626
  Handstream: 21.717895317077637
  Jack: 23.519696044921876
  Jumpstream: 28.845902252197266
  Stamina: 27.38185558319092
  Stream: 25.83449649810791
  Technical: 30.095099258422852
  Rate: 100
