Artist: nao.paradigm
AssetId: rbxassetid://13867462527
CoverImageAssetId: ''
Description: ''
Filename: White Day
HitSFXGroup: 0
Mapper: Ska
MD5Hash: 808fb37193c4b9fa1b251c46053565d0
NotePrebufferTime: 1000
TimeOffset: -75
Volume: 0.5
Difficulty:
- Overall: 45
  Chordjack: 29.47050247192383
  Handstream: 26.459994506835937
  Jack: 24.80669460296631
  Jumpstream: 34.12799835205078
  Stamina: 41.795281219482426
  Stream: 45.92699890136719
  Technical: 41.67900123596191
  Rate: 100
