Artist: "やっす~"
AssetId: rbxassetid://10024760573
CoverImageAssetId: ''
Description: ''
Filename: before...
HitSFXGroup: 0
Mapper: AFOTHER
MD5Hash: 560ad5aa557e236a00f4b10f263ccdfb
NotePrebufferTime: 1000
TimeOffset: -360
Volume: 0.5
Difficulty:
- Overall: 47
  Chordjack: 49.685401153564456
  Handstream: 39.05639991760254
  Jack: 29.04210433959961
  Jumpstream: 39.902398681640626
  Stamina: 45.8522747039795
  Stream: 28.928701400756836
  Technical: 35.855996704101564
  Rate: 100
