Artist: Cardboard Box
AssetId: rbxassetid://10054518722
CoverImageAssetId: ''
Description: ''
Filename: Brute Force
HitSFXGroup: 0
Mapper: rCaliberGX
MD5Hash: 004961368e034703f5fe617abfa1dae0
NotePrebufferTime: 1000
TimeOffset: -70
Volume: 0.5
Difficulty:
- Overall: 40
  Chordjack: 29.625303268432617
  Handstream: 21.933895111083984
  Jack: 23.355898475646974
  Jumpstream: 43.88939552307129
  Stamina: 42.376705169677734
  Stream: 36.926099395751955
  Technical: 35.293496704101564
  Rate: 100
