Artist: ReeK
AssetId: rbxassetid://9512617960
CoverImageAssetId: ''
Description: ''
Filename: Possessed by Blood Moon
HitSFXGroup: 0
Mapper: TingMomentum
MD5Hash: a3a530a22e89f4a439c0d4ecae772477
NotePrebufferTime: 1000
TimeOffset: -75
Volume: 0.5
Difficulty:
- Overall: 48
  Chordjack: 31.788902664184572
  Handstream: 46.45439758300781
  Jack: 28.186193847656252
  Jumpstream: 44.08109321594238
  Stamina: 45.68496322631836
  Stream: 37.555197143554686
  Technical: 41.8004997253418
  Rate: 100
