Artist: Silentroom
AssetId: rbxassetid://13867807623
CoverImageAssetId: ''
Description: ''
Filename: Shuu no Hazama [Rainshower]
HitSFXGroup: 0
Mapper: Evening
MD5Hash: 9eeab44c5015d6ef26fb828c2b4849aa
NotePrebufferTime: 1000
TimeOffset: -75
Volume: 0.5
Difficulty:
- Overall: 49
  Chordjack: 39.65039978027344
  Handstream: 49.184095001220705
  Jack: 28.336493682861327
  Jumpstream: 45.67229461669922
  Stamina: 48.8321273803711
  Stream: 44.22420043945313
  Technical: 47.25809898376465
  Rate: 100
