Artist: ARM feat. Nanahira
AssetId: rbxassetid://10140585435
CoverImageAssetId: ''
Description: ''
Filename: BakunanaTestroyer (LIGHT)
HitSFXGroup: 0
MD5Hash: a56e8e8cd21a3f0cc6d706bc03a93789
NotePrebufferTime: 950
TimeOffset: -450
Volume: 0.5
Difficulty:
- Overall: 19
  Chordjack: 13.516199684143066
  Handstream: 13.383900260925293
  Jack: 14.790600013732911
  Jumpstream: 21.952796745300294
  Stamina: 19.190602111816407
  Stream: 22.733996772766115
  Technical: 22.53599739074707
  Rate: 100
