Artist: Team Grimoire vs Laur
AssetId: rbxassetid://10698118788
CoverImageAssetId: ''
Description: ''
Filename: Grievous Lady (LIGHT)
HitSFXGroup: 0
MD5Hash: aedf7922fdc342ef16b9aedd9caf398c
NotePrebufferTime: 1000
TimeOffset: -70
Volume: 0.5
Difficulty:
- Overall: 5
  Chordjack: 5.18490014076233
  Handstream: 5.355000257492065
  Jack: 4.054500532150269
  Jumpstream: 7.313402080535889
  Stamina: 8.028314208984375
  Stream: 9.33840036392212
  Technical: 9.489600563049317
  Rate: 100
