Artist: QUIL
AssetId: rbxassetid://10719069624
CoverImageAssetId: ''
Description: ''
Filename: Gympie Gympe
HitSFXGroup: 0
MD5Hash: a92e5ac8ea971a40a86509ea197d039f
NotePrebufferTime: 1000
TimeOffset: -70
Volume: 0.5
Difficulty:
- Overall: 35
  Chordjack: 38.87909774780274
  Handstream: 30.849300384521484
  Jack: 25.459194946289063
  Jumpstream: 33.10740280151367
  Stamina: 37.28361854553223
  Stream: 24.36569480895996
  Technical: 29.970905685424807
  Rate: 100
