Artist: Dr. Peacock
AssetId: rbxassetid://11469856360
CoverImageAssetId: ''
Description: ''
Filename: Trip to Valhalla (Speedup Ver.)
HitSFXGroup: 0
Mapper: Gloop
MD5Hash: 55323437131c9efae4388c149758b842
NotePrebufferTime: 1000
TimeOffset: -75
Volume: 0.5
Difficulty:
- Overall: 32
  Chordjack: 20.547897720336916
  Handstream: 26.3780948638916
  Jack: 26.204394149780274
  Jumpstream: 29.970002746582033
  Stamina: 26.283485412597656
  Stream: 27.36629619598389
  Technical: 30.36420593261719
  Rate: 100
