Artist: Silentroom
AssetId: rbxassetid://10049380366
CoverImageAssetId: ''
Description: ''
Filename: Finixe (LIGHT)
HitSFXGroup: 0
Mapper: tailsdk
MD5Hash: dfe028322064070a508377b5f38e74da
NotePrebufferTime: 1000
TimeOffset: -70
Volume: 0.5
Difficulty:
- Overall: 29
  Chordjack: 25.407895660400392
  Handstream: 24.11639442443848
  Jack: 20.60009651184082
  Jumpstream: 39.22739868164063
  Stamina: 35.65384140014648
  Stream: 34.59869728088379
  Technical: 31.760101318359375
  Rate: 100
