Artist: Camellia ft. Nanahira
AssetId: rbxassetid://10037879862
CoverImageAssetId: ''
Description: ''
Filename: Amor De Verao (LIGHT)
HitSFXGroup: 0
MD5Hash: 1eb156ac2b8c2217d5cd8e6c5cac24f5
NotePrebufferTime: 1000
TimeOffset: -70
Volume: 0.5
Difficulty:
- Overall: 15
  Chordjack: 16.308898544311525
  Handstream: 15.245100975036621
  Jack: 12.99690170288086
  Jumpstream: 27.457194328308105
  Stamina: 25.26361427307129
  Stream: 22.148995399475098
  Technical: 24.749996566772463
  Rate: 100
