Artist: TamaDo
AssetId: rbxassetid://13155651619
CoverImageAssetId: ''
Description: ''
Filename: Triumphal Return
HitSFXGroup: 0
Mapper: teradora
MD5Hash: be23e61af9d16471329fef57d2341f8c
NotePrebufferTime: 1000
TimeOffset: -75
Volume: 0.5
Difficulty:
- Overall: 55
  Chordjack: 38.47679901123047
  Handstream: 58.6539047241211
  Jack: 30.233698654174805
  Jumpstream: 52.54199409484863
  Stamina: 56.3865291595459
  Stream: 46.970099258422856
  Technical: 49.95269508361817
  Rate: 100
