Artist: Sharkey & Arkitech
AssetId: rbxassetid://10043811949
CoverImageAssetId: rbxassetid://8357084146
Description: ''
Filename: Quadraphinix (Doubletime)
HitSFXGroup: 0
Mapper: Xayphon
MD5Hash: ce4c406fbb5b3748b83b17fec826acc2
NotePrebufferTime: 1000
TimeOffset: -70
Volume: 0.5
Difficulty:
- Overall: 0
  Chordjack: 44.61479873657227
  Handstream: 60.067797088623045
  Jack: 38.29950027465821
  Jumpstream: 54.295192337036134
  Stamina: 56.15813713073731
  Stream: 41.6718017578125
  Technical: 51.48449478149414
  Rate: 100
