Artist: Camellia
AssetId: rbxassetid://10156769713
CoverImageAssetId: ''
Description: ''
Filename: Exit This Earth's Atomosphere (HEAVY)
HitSFXGroup: 0
MD5Hash: a9790714433b1b0705eca1b628378fb9
NotePrebufferTime: 1000
TimeOffset: 1790
Volume: 0.5
Difficulty:
- Overall: 34
  Chordjack: 24.35849533081055
  Handstream: 33.51690101623535
  Jack: 21.68009719848633
  Jumpstream: 33.94889717102051
  Stamina: 33.91494941711426
  Stream: 31.11840362548828
  Technical: 31.653897857666017
  Rate: 100
