Artist: aaaa vs Frums
AssetId: rbxassetid://9512610785
CoverImageAssetId: rbxassetid://8351793317
Description: ''
Filename: Beepbit*Futures
HitSFXGroup: 0
Mapper: A_scend
MD5Hash: d621d7d1115a2a7bb5649b18388fce4f
NotePrebufferTime: 1000
TimeOffset: -75
Volume: 0.5
Difficulty:
- Overall: 50
  Chordjack: 34.344895935058595
  Handstream: 31.986903762817384
  Jack: 29.73600425720215
  Jumpstream: 51.61499862670899
  Stamina: 50.1914005279541
  Stream: 40.88429832458496
  Technical: 45.04229736328125
  Rate: 100
