Artist: SHK
AssetId: rbxassetid://10024737294
CoverImageAssetId: ''
Description: ''
Filename: Log-in
HitSFXGroup: 0
Mapper: Lynessa
MD5Hash: fb320e8d66202281e70018283564cb2e
NotePrebufferTime: 1000
TimeOffset: -70
Volume: 0.5
Difficulty:
- Overall: 48
  Chordjack: 52.312493133544926
  Handstream: 39.072597885131835
  Jack: 28.73250102996826
  Jumpstream: 38.88000068664551
  Stamina: 50.75182685852051
  Stream: 28.8161979675293
  Technical: 33.8336986541748
  Rate: 100
