Artist: DJ TOTTO feat.3L
AssetId: rbxassetid://10719157949
CoverImageAssetId: ''
Description: ''
Filename: Ayakashi Kakushi (LIGHT)
HitSFXGroup: 0
MD5Hash: 882d2cebcf0733e04718c4c8b664d6cb
NotePrebufferTime: 1000
TimeOffset: 1500
Volume: 0.5
Difficulty:
- Overall: 9
  Chordjack: 8.052300453186035
  Handstream: 7.9047017097473145
  Jack: 6.257700061798096
  Jumpstream: 15.050701332092286
  Stamina: 13.827703285217286
  Stream: 13.395600700378418
  Technical: 14.275801277160644
  Rate: 100
