Artist: 'Hanasaka Yui (CV: M.A.O)'
AssetId: rbxassetid://6908649963
CoverImageAssetId: ''
Description: ''
Filename: Harumachi Clover (HEAVY)
HitSFXGroup: 0
Mapper: M0ca_l0ca
MD5Hash: 7b002a114428a595e5885dac773c0a85
NotePrebufferTime: 1000
TimeOffset: -75
Volume: 0.5
Difficulty:
- Overall: 31
  Chordjack: 21.97188892364502
  Handstream: 32.026231384277345
  Jack: 20.86132392883301
  Jumpstream: 31.516987609863282
  Stamina: 29.035258483886718
  Stream: 25.61425666809082
  Technical: 30.535328292846682
  Rate: 100
