Artist: Petit Rabbits
AssetId: rbxassetid://9512668395
CoverImageAssetId: rbxassetid://8351892495
Description: Made by A_scend
Filename: Sekai ga Cafe ni Nacchatta!
HitSFXGroup: 0
Mapper: A_scend
MD5Hash: ddf75e4724066c3e0beb0f26b443ac23
NotePrebufferTime: 1000
TimeOffset: -70
Volume: 0.5
Difficulty:
- Overall: 44
  Chordjack: 32.834694671630864
  Handstream: 29.99340362548828
  Jack: 25.84709815979004
  Jumpstream: 39.30839881896973
  Stamina: 40.62840957641602
  Stream: 46.99889717102051
  Technical: 42.623097610473636
  Rate: 100
