Artist: DJ Sharpnel
AssetId: rbxassetid://13867470212
CoverImageAssetId: ''
Description: ''
Filename: Ivaltek
HitSFXGroup: 0
Mapper: Ska
MD5Hash: 0a5db5d9040d8ac0d8b2f9d169975922
NotePrebufferTime: 1000
TimeOffset: -75
Volume: 0.5
Difficulty:
- Overall: 46
  Chordjack: 31.195802307128908
  Handstream: 25.753496360778808
  Jack: 23.94089641571045
  Jumpstream: 40.460397720336914
  Stamina: 43.546134567260744
  Stream: 45.29789428710938
  Technical: 43.5698959350586
  Rate: 100
