Artist: Waiting to die
AssetId: rbxassetid://1856202569
CoverImageAssetId: ''
Description: ''
Filename: Disappointing life
HitSFXGroup: 0
Mapper: 'Random02'
MD5Hash: b89dc5862c1e6f9fca000e4ff3cca525
NotePrebufferTime: 1000
TimeOffset: -77
Volume: 0.5
Difficulty:
- Overall: 32
  Chordjack: 24.24869556427002
  Handstream: 27.74879379272461
  Jack: 18.699298667907716
  Jumpstream: 31.831200027465822
  Stamina: 30.277877426147462
  Stream: 25.29089641571045
  Technical: 32.6591983795166
  Rate: 100
