Artist: Laur
AssetId: rbxassetid://8692681796
CoverImageAssetId: ''
Description: ''
Filename: Laur Chan e kaki uta wa doko aba jo n
HitSFXGroup: 0
Mapper: Gavin-
MD5Hash: a1d2d58753dc9ccaf060143974c6ed17
NotePrebufferTime: 1000
TimeOffset: -75
Volume: 0.5
Difficulty:
- Overall: 30
  Chordjack: 31.95611801147461
  Handstream: 32.374885940551756
  Jack: 27.66798248291016
  Jumpstream: 34.48007583618164
  Stamina: 31.54725494384766
  Stream: 24.134753608703615
  Technical: 31.882410049438477
  Rate: 100
