Artist: Camellia
AssetId: rbxassetid://13109607553
CoverImageAssetId: ''
Description: ''
Filename: POLYBIUS GB SPEEDRUN (Glitchless 100% WR in 0:03:57)
HitSFXGroup: 0
Mapper: Piggy
MD5Hash: 7a9e333cacee1ede1b78f881a147200e
NotePrebufferTime: 1000
TimeOffset: -75
Volume: 0.5
Difficulty:
- Overall: 49
  Chordjack: 41.1093017578125
  Handstream: 46.26629447937012
  Jack: 30.044702911376955
  Jumpstream: 43.89929695129395
  Stamina: 45.49700088500977
  Stream: 41.06789703369141
  Technical: 46.50749588012695
  Rate: 100
