Artist: t+pazolite & C-Show
AssetId: rbxassetid://10049201620
CoverImageAssetId: ''
Description: ''
Filename: Juggler's Madness (HEAVY)
HitSFXGroup: 0
Mapper: Slick6969
MD5Hash: 52d33b45378be841cd4dc453d96fb063
NotePrebufferTime: 1000
TimeOffset: -75
Volume: 0.5
Difficulty:
- Overall: 43
  Chordjack: 36.76769714355469
  Handstream: 31.660204696655274
  Jack: 29.584801483154298
  Jumpstream: 33.21269645690918
  Stamina: 33.43641586303711
  Stream: 27.999894905090333
  Technical: 33.501599121093754
  Rate: 100
