Artist: Getty
AssetId: rbxassetid://13876323667
CoverImageAssetId: ''
Description: ''
Filename: Pump It
HitSFXGroup: 0
Mapper: Zailscode576
MD5Hash: bdca2a90c7c44745cd24301311db1d2c
NotePrebufferTime: 1000
TimeOffset: -75
Volume: 0.5
Difficulty:
- Overall: 46
  Chordjack: 43.474500274658205
  Handstream: 35.3123966217041
  Jack: 27.425701332092284
  Jumpstream: 36.516594314575194
  Stamina: 42.419520950317384
  Stream: 29.195095825195313
  Technical: 34.938895797729494
  Rate: 100
