Artist: Unlucky Morpheus
AssetId: rbxassetid://10023981959
CoverImageAssetId: rbxassetid://8359901034
Description: ''
Filename: Black Pentagram
HitSFXGroup: 0
Mapper: Gekido-
MD5Hash: 869332a0107d75f5bc819e0b611b461d
NotePrebufferTime: 1000
TimeOffset: -70
Volume: 0.5
Difficulty:
- Overall: 52
  Chordjack: 39.310194396972655
  Handstream: 41.774396896362305
  Jack: 30.31740417480469
  Jumpstream: 49.544092941284184
  Stamina: 52.636006164550786
  Stream: 52.68869247436523
  Technical: 51.89579544067383
  Rate: 100
