Artist: Koxx
AssetId: rbxassetid://10718692910
CoverImageAssetId: ''
Description: ''
Filename: A Fool Moon Night (SECRET)
HitSFXGroup: 0
Mapper: gemboyong
MD5Hash: fd964020a8bbccad59e1a97f3890aa31
NotePrebufferTime: 1000
TimeOffset: -62
Volume: 0.5
Difficulty:
- Overall: 0
  Chordjack: 40.03919563293457
  Handstream: 47.777395248413086
  Jack: 37.68030052185059
  Jumpstream: 45.62999725341797
  Stamina: 45.39657211303711
  Stream: 40.28400192260742
  Technical: 53.55629653930664
  Rate: 100
