Artist: Yuyoyuppe
AssetId: rbxassetid://10719204910
CoverImageAssetId: ''
Description: ''
Filename: Eternity (HEAVY)
HitSFXGroup: 0
MD5Hash: bed1461ea57f4bb26056cef4db6e314c
NotePrebufferTime: 1000
TimeOffset: 0
Volume: 0.5
Difficulty:
- Overall: 5
  Chordjack: 5.373000240325928
  Handstream: 9.416701984405519
  Jack: 5.091300058364868
  Jumpstream: 9.679500102996826
  Stamina: 8.859338951110841
  Stream: 9.808200645446778
  Technical: 10.272600460052491
  Rate: 100
