Artist: 64BeastyMan
AssetId: rbxassetid://12992794561
CoverImageAssetId: ''
Description: ''
Filename: Clubstep Rap Song
HitSFXGroup: 0
Mapper: '[Crz]sel'
MD5Hash: b5b0199580e7948c98245f79ba5751dc
NotePrebufferTime: 1000
TimeOffset: -75
Volume: 0.5
Difficulty:
- Overall: 61
  Chordjack: 41.72849807739258
  Handstream: 40.16789703369141
  Jack: 39.176099395751955
  Jumpstream: 54.29969329833985
  Stamina: 55.80137672424316
  Stream: 59.321701812744145
  Technical: 59.43329544067383
  Rate: 100
