Artist: daniwell
AssetId: rbxassetid://10719138680
CoverImageAssetId: ''
Description: ''
Filename: UZ (LIGHT)
HitSFXGroup: 0
MD5Hash: 4e787a6ef26e412dab94ebba48a935e5
NotePrebufferTime: 1100
TimeOffset: -50
Volume: 0.5
Difficulty:
- Overall: 8
  Chordjack: 8.368863773345948
  Handstream: 8.173962020874024
  Jack: 8.03633165359497
  Jumpstream: 9.753702449798585
  Stamina: 12.519761180877685
  Stream: 15.520437240600586
  Technical: 15.450339317321777
  Rate: 100
