Artist: katagiri
AssetId: rbxassetid://12985115466
CoverImageAssetId: ''
Description: ''
Filename: Sendan Life (katagiri Bootleg)
HitSFXGroup: 0
Mapper: aewyuii
MD5Hash: bb727b2ff4cf17d6782f70bc626a75c3
NotePrebufferTime: 1000
TimeOffset: -75
Volume: 0.5
Difficulty:
- Overall: 33
  Chordjack: 23.82569446563721
  Handstream: 34.55819892883301
  Jack: 18.935099601745605
  Jumpstream: 35.170195770263675
  Stamina: 35.13502578735352
  Stream: 28.365295028686525
  Technical: 33.232499313354495
  Rate: 100
