Artist: DJ Mutante
AssetId: rbxassetid://0
CoverImageAssetId: ''
Description: ''
Filename: H.A.R.D.C.O.R.E. (NO AUDIO)
HitSFXGroup: 0
Mapper: the blue frawog
MD5Hash: 39e32da9c5906fc948d440e735d14b09
NotePrebufferTime: 1000
TimeOffset: -75
Volume: 0.5
Difficulty:
- Overall: 44
  Chordjack: 47.97179832458496
  Handstream: 27.336593627929688
  Jack: 29.28149299621582
  Jumpstream: 30.093300247192385
  Stamina: 47.92382926940918
  Stream: 26.035192680358886
  Technical: 29.798097610473633
  Rate: 100
