Artist: DJ SHARPNEL
AssetId: rbxassetid://10017865000
CoverImageAssetId: rbxassetid://8359739280
Description: ''
Filename: The Others
HitSFXGroup: 0
Mapper: MinaciousGrace
MD5Hash: e7f5df9d6a684b32dcead906e936c4ba
NotePrebufferTime: 1000
TimeOffset: -70
Volume: 0.5
Difficulty:
- Overall: 56
  Chordjack: 43.32420043945313
  Handstream: 35.35199546813965
  Jack: 34.16489868164063
  Jumpstream: 47.747697830200195
  Stamina: 50.73633270263672
  Stream: 55.26629447937012
  Technical: 48.82229461669922
  Rate: 100
