Artist: Aquellex
AssetId: rbxassetid://10024402494
CoverImageAssetId: ''
Description: ''
Filename: Wanderflux
HitSFXGroup: 0
Mapper: LeiN-
MD5Hash: 446fb2b1256f05ee46fb7801305646f8
NotePrebufferTime: 1000
TimeOffset: -70
Volume: 0.5
Difficulty:
- Overall: 48
  Chordjack: 33.342297363281254
  Handstream: 35.886600494384766
  Jack: 31.847401428222657
  Jumpstream: 51.922794342041016
  Stamina: 50.148433685302734
  Stream: 42.379201126098636
  Technical: 45.60479736328125
  Rate: 100
