Artist: Penoreri
AssetId: rbxassetid://12781331276
CoverImageAssetId: ''
Description: ''
Filename: '- dirty rouge - (slushy mix)'
HitSFXGroup: 0
Mapper: A_scend
MD5Hash: 86e03307c92f4cb0ca9d94af525c5f76
NotePrebufferTime: 1000
TimeOffset: -75
Volume: 0.5
Difficulty:
- Overall: 50
  Chordjack: 38.70629653930664
  Handstream: 48.015894699096684
  Jack: 30.779101181030274
  Jumpstream: 46.016997528076175
  Stamina: 47.369026565551756
  Stream: 47.23649711608887
  Technical: 47.79719467163086
  Rate: 100
