Artist: m108
AssetId: rbxassetid://10054552722
CoverImageAssetId: ''
Description: ''
Filename: Crow Solace (LIGHT)
HitSFXGroup: 0
MD5Hash: 0e2bc201e6bc7a3449bcdc816ea23003
NotePrebufferTime: 1000
TimeOffset: 0
Volume: 0.5
Difficulty:
- Overall: 27
  Chordjack: 22.274095344543458
  Handstream: 24.351295852661135
  Jack: 20.2832971572876
  Jumpstream: 35.18639373779297
  Stamina: 32.71573333740235
  Stream: 32.84999656677246
  Technical: 33.1218017578125
  Rate: 100
