Artist: I.O
AssetId: rbxassetid://10070183852
CoverImageAssetId: ''
Description: ''
Filename: Lv.0 (HEAVY)
HitSFXGroup: 0
MD5Hash: f10767052fc940ca970e7194dd029561
NotePrebufferTime: 1000
TimeOffset: -70
Volume: 0.5
Difficulty:
- Overall: 32
  Chordjack: 28.46070098876953
  Handstream: 25.38629722595215
  Jack: 21.809696388244628
  Jumpstream: 27.599395179748537
  Stamina: 24.061685943603518
  Stream: 21.944697761535647
  Technical: 28.814402389526368
  Rate: 100
