Artist: Aquellex
AssetId: rbxassetid://10024024371
CoverImageAssetId: rbxassetid://8359942156
Description: ''
Filename: Tachyon Beam Cannon
HitSFXGroup: 0
Mapper: Gekido-
MD5Hash: 64795ec09477c2a3e29abe1f1fb2cb31
NotePrebufferTime: 1000
TimeOffset: -70
Volume: 0.5
Difficulty:
- Overall: 51
  Chordjack: 39.48570098876953
  Handstream: 44.483398818969725
  Jack: 31.135497665405275
  Jumpstream: 47.44979667663574
  Stamina: 47.4023494720459
  Stream: 44.047797775268556
  Technical: 46.30139579772949
  Rate: 100
