Artist: U1 High-Speed
AssetId: rbxassetid://2496246958
CoverImageAssetId: ''
Description: ''
Filename: EGOISM 440
HitSFXGroup: 0
Mapper: LazyMelly
MD5Hash: 7ba7451e34d805873e63cfa6433dea18
NotePrebufferTime: 1000
TimeOffset: 0
Volume: 0.5
Difficulty:
- Overall: 36
  Chordjack: 29.319303131103517
  Handstream: 26.485194396972656
  Jack: 25.21080093383789
  Jumpstream: 39.32729873657227
  Stamina: 36.316138458251956
  Stream: 29.899803543090822
  Technical: 37.01249656677246
  Rate: 100
