Artist: Megurine Luka
AssetId: rbxassetid://10698545429
CoverImageAssetId: ''
Description: ''
Filename: NEXT STAGE (HEAVY)
HitSFXGroup: 0
Mapper: Slick6969
MD5Hash: b99903728b62824f379912ff9c45e888
NotePrebufferTime: 1000
TimeOffset: -70
Volume: 0.5
Difficulty:
- Overall: 23
  Chordjack: 17.210697555541994
  Handstream: 23.25509548187256
  Jack: 14.552098846435547
  Jumpstream: 26.657995605468752
  Stamina: 24.74395923614502
  Stream: 26.2475944519043
  Technical: 26.35379447937012
  Rate: 100
