Artist: yukitani
AssetId: rbxassetid://100048006392933
CoverImageAssetId: rbxassetid://8357355768
Description: ''
Filename: Kaiden joy Aura
HitSFXGroup: 0
Mapper: Kroly-
MD5Hash: ea6a26ab602d2089b5ca5f25d76d1b1e
NotePrebufferTime: 1000
TimeOffset: -70
Volume: 0.5
Difficulty:
- Overall: 58
  Chordjack: 57.43529090881348
  Handstream: 36.380693435668945
  Jack: 41.266794204711914
  Jumpstream: 39.218396759033205
  Stamina: 57.3778564453125
  Stream: 32.87700233459473
  Technical: 39.00149574279785
  Rate: 100
