Artist: Lunatic Sounds
AssetId: rbxassetid://5595669060
CoverImageAssetId: rbxassetid://8357105425
Description: ''
Filename: Drop Down
HitSFXGroup: 0
Mapper: Guilhermeziat
MD5Hash: b758eceabecf3c0d57af4a76f1dfc4ba
NotePrebufferTime: 1000
TimeOffset: -70
Volume: 0.5
Difficulty:
- Overall: 76
  Chordjack: 43.07220153808594
  Handstream: 43.78949546813965
  Jack: 35.352898406982426
  Jumpstream: 53.158495330810545
  Stamina: 61.80726928710938
  Stream: 64.71809692382813
  Technical: 62.501399230957034
  Rate: 100
