Artist: Colorful Sounds Port
AssetId: rbxassetid://10049199759
CoverImageAssetId: ''
Description: ''
Filename: ETERNAL DRAIN (LIGHT)
HitSFXGroup: 0
Mapper: Wh1teh
MD5Hash: 68f6fd325b3159d788d850be0a0decd0
NotePrebufferTime: 990
TimeOffset: -100
Volume: 0.5
Difficulty:
- Overall: 23
  Chordjack: 19.306796264648437
  Handstream: 16.931698036193847
  Jack: 16.624796676635743
  Jumpstream: 32.21549835205078
  Stamina: 31.2762393951416
  Stream: 27.866694259643555
  Technical: 26.927095413208008
  Rate: 100
