Artist: MisoilePunch
AssetId: rbxassetid://10049477782
CoverImageAssetId: ''
Description: ''
Filename: Staring at star (LIGHT)
HitSFXGroup: 0
Mapper: NikoSek
MD5Hash: cc854aa354583eb6a2ff1d140a455f7c
NotePrebufferTime: 1000
TimeOffset: 0
Volume: 0.5
Difficulty:
- Overall: 25
  Chordjack: 18.93419666290283
  Handstream: 17.163899230957032
  Jack: 16.58429832458496
  Jumpstream: 29.272501373291018
  Stamina: 26.746123123168946
  Stream: 28.755903625488283
  Technical: 27.58949546813965
  Rate: 100
