Artist: DJ Genki VS Camellia feat. moimoi
AssetId: rbxassetid://2577425375
CoverImageAssetId: ''
Description: ''
Filename: YELL!
HitSFXGroup: 0
Mapper: Elpis
MD5Hash: 24e549dd5ed92546b34428274802fe43
NotePrebufferTime: 1000
TimeOffset: -70
Volume: 0.5
Difficulty:
- Overall: 47
  Chordjack: 32.108402252197266
  Handstream: 47.88899917602539
  Jack: 25.897496223449707
  Jumpstream: 44.476199340820315
  Stamina: 47.841112518310545
  Stream: 41.85179901123047
  Technical: 44.63459815979004
  Rate: 100
