Artist: Team Grimoire
AssetId: rbxassetid://10080105291
CoverImageAssetId: ''
Description: ''
Filename: G1ll35 D3 R415 (LIGHT)
HitSFXGroup: 0
Mapper: Allezard
MD5Hash: f5bb2988f71a1e596d94fac77c5e9491
NotePrebufferTime: 1000
TimeOffset: 0
Volume: 0.5
Difficulty:
- Overall: 29
  Chordjack: 22.119296264648437
  Handstream: 25.91909465789795
  Jack: 18.569699478149413
  Jumpstream: 33.97860145568848
  Stamina: 33.94462280273438
  Stream: 29.66309967041016
  Technical: 31.963499450683596
  Rate: 100
