Artist: Smooth McGroove
AssetId: rbxassetid://10080025251
CoverImageAssetId: ''
Description: ''
Filename: Guile Theme Acapella
HitSFXGroup: 0
Mapper: ArcadeSona
MD5Hash: 7aba15dcc9281018112bffcd75df3590
NotePrebufferTime: 1000
TimeOffset: -62
Volume: 0.8
Difficulty:
- Overall: 37
  Chordjack: 39.73589744567871
  Handstream: 30.669299697875978
  Jack: 24.073195838928225
  Jumpstream: 32.077801895141604
  Stamina: 39.12629356384277
  Stream: 23.39549732208252
  Technical: 29.272501373291018
  Rate: 100
