Artist: Roblox
AssetId: rbxassetid://13155699019
CoverImageAssetId: ''
Description: ''
Filename: Online Social Hangout
HitSFXGroup: 0
Mapper: Lelloq
MD5Hash: 539cd6fe1ce1400d1dd2fb79644ed63b
NotePrebufferTime: 1000
TimeOffset: -75
Volume: 0.5
Difficulty:
- Overall: 63
  Chordjack: 57.58920249938965
  Handstream: 31.965298461914063
  Jack: 41.248800659179686
  Jumpstream: 35.4851978302002
  Stamina: 55.29981307983399
  Stream: 31.794299697875978
  Technical: 35.83799629211426
  Rate: 100
