Artist: Colorful Sounds Port
AssetId: rbxassetid://10049199759
CoverImageAssetId: ''
Description: ''
Filename: ETERNAL DRAIN (HEAVY)
HitSFXGroup: 0
Mapper: Wh1teh
MD5Hash: 258ca644c4adbc2547abe348b72b6026
NotePrebufferTime: 840
TimeOffset: -100
Volume: 0.5
Difficulty:
- Overall: 28
  Chordjack: 24.597894287109376
  Handstream: 29.282402801513673
  Jack: 21.563096237182616
  Jumpstream: 35.24399299621582
  Stamina: 34.3374870300293
  Stream: 28.93590087890625
  Technical: 31.90679969787598
  Rate: 100
