Artist: OISHII
AssetId: rbxassetid://10070176512
CoverImageAssetId: ''
Description: ''
Filename: ONIGIRI FREEWAY (EXTRA)
HitSFXGroup: 0
Mapper: Mentholzzz
MD5Hash: ebff41efa4dc2ddcb1bc3a9c4187e259
NotePrebufferTime: 1000
TimeOffset: -75
Volume: 0.5
Difficulty:
- Overall: 38
  Chordjack: 29.469599533081055
  Handstream: 43.69409637451172
  Jack: 23.25329818725586
  Jumpstream: 41.29380340576172
  Stamina: 42.80834770202637
  Stream: 38.34629859924316
  Technical: 38.35979804992676
  Rate: 100
