Artist: Steven Universe Future
AssetId: rbxassetid://4836330053
CoverImageAssetId: ''
Description: ''
Filename: Being Human
HitSFXGroup: 0
MD5Hash: fc848637811e68027360bda9481446e5
NotePrebufferTime: 1000
TimeOffset: -70
Volume: 0.5
Difficulty:
- Overall: 7
  Chordjack: 5.590800333023071
  Handstream: 7.91730079650879
  Jack: 5.998499965667725
  Jumpstream: 10.939499759674073
  Stamina: 9.911198329925538
  Stream: 9.918900775909425
  Technical: 12.537000274658203
  Rate: 100
