Artist: Remo Prototype
AssetId: rbxassetid://9512608036
CoverImageAssetId: ''
Description: ''
Filename: Sendan Life (katagiri bootleg)
HitSFXGroup: 0
Mapper: A_scend
MD5Hash: d71672e4a4d7826c8681eb013391f54a
NotePrebufferTime: 1000
TimeOffset: -75
Volume: 0.5
Difficulty:
- Overall: 56
  Chordjack: 39.99059829711914
  Handstream: 60.59249725341797
  Jack: 35.57519645690918
  Jumpstream: 54.64709129333496
  Stamina: 59.003716278076176
  Stream: 41.455800247192386
  Technical: 49.14899368286133
  Rate: 100
