Artist: linear ring
AssetId: rbxassetid://10811834504
CoverImageAssetId: ''
Description: ''
Filename: little witch in permafrost garden
HitSFXGroup: 0
Mapper: A_scend
MD5Hash: 095a01d1789441b4f6b9b50b13d18bbb
NotePrebufferTime: 1000
TimeOffset: -75
Volume: 0.5
Difficulty:
- Overall: 32
  Chordjack: 23.502595138549804
  Handstream: 27.76319274902344
  Jack: 19.916995811462403
  Jumpstream: 35.1008960723877
  Stamina: 34.21310806274414
  Stream: 30.206703186035156
  Technical: 33.32340087890625
  Rate: 100
