Artist: sky_delta
AssetId: rbxassetid://6279917675
CoverImageAssetId: ''
Description: ''
Filename: Alexithymia
HitSFXGroup: 0
Mapper: wolfyou
MD5Hash: bf3b4b04c3bc6937490d4c6bf08c413b
NotePrebufferTime: 1000
TimeOffset: -150
Volume: 0.5
Difficulty:
- Overall: 43
  Chordjack: 39.67559623718262
  Handstream: 38.20769920349121
  Jack: 24.203696250915527
  Jumpstream: 39.17789497375488
  Stamina: 39.63592185974121
  Stream: 30.264302444458007
  Technical: 36.142197418212895
  Rate: 100
