Artist: KASAI HARCORES
AssetId: rbxassetid://135502606091958
CoverImageAssetId: ''
Description: ''
Filename: Trinity Homerun (HEAVY)
HitSFXGroup: 0
MD5Hash: 5b38790e7d4f5b47ea3de4b08bb20500
NotePrebufferTime: 1000
TimeOffset: -70
Volume: 0.5
Difficulty:
- Overall: 33
  Chordjack: 22.574696731567382
  Handstream: 29.37509651184082
  Jack: 22.328094863891604
  Jumpstream: 34.631096649169926
  Stamina: 34.5964656829834
  Stream: 33.6698959350586
  Technical: 33.508798599243164
  Rate: 100
