Artist: Usada Pekora
AssetId: rbxassetid://10054983180
CoverImageAssetId: rbxassetid://8357351031
Description: ''
Filename: Discommunication Alien
HitSFXGroup: 0
Mapper: rinstea
MD5Hash: b92cdfeed2c9b3e026f1a2ecd6a380a4
NotePrebufferTime: 1000
TimeOffset: -70
Volume: 0.5
Difficulty:
- Overall: 45
  Chordjack: 32.67809829711914
  Handstream: 30.77010269165039
  Jack: 25.762496566772462
  Jumpstream: 48.847494506835936
  Stamina: 44.989192199707034
  Stream: 47.95199546813965
  Technical: 46.65959815979004
  Rate: 100
