Artist: UNDEAD CORPORATION
AssetId: rbxassetid://10719207989
CoverImageAssetId: ''
Description: ''
Filename: Setsugetsu Ouka no Kuni (LIGHT)
HitSFXGroup: 0
MD5Hash: 56554424f0ae6ce53c524844dacda99c
NotePrebufferTime: 1000
TimeOffset: -70
Volume: 0.5
Difficulty:
- Overall: 2
  Chordjack: 2.4224083185195924
  Handstream: 3.204076552391052
  Jack: 1.5982109785079956
  Jumpstream: 3.4490390539169313
  Stamina: 4.3464325904846195
  Stream: 5.582253313064576
  Technical: 4.010411024093628
  Rate: 100
