Artist: t+pazolite
AssetId: rbxassetid://10049045394
CoverImageAssetId: ''
Description: ''
Filename: QZKago Requiem (HEAVY)
HitSFXGroup: 0
Mapper: Slick6969
MD5Hash: d472d5530e7f9987ad4a4ee66522a5e7
NotePrebufferTime: 1000
TimeOffset: -70
Volume: 0.5
Difficulty:
- Overall: 45
  Chordjack: 38.123097610473636
  Handstream: 38.357096099853514
  Jack: 30.104101181030273
  Jumpstream: 41.37209815979004
  Stamina: 38.548587799072266
  Stream: 29.89800453186035
  Technical: 39.37589950561524
  Rate: 100
