Artist: THE ORAL CIGARETTES
AssetId: rbxassetid://13873069573
CoverImageAssetId: ''
Description: ''
Filename: Naked (Cut Ver.)
HitSFXGroup: 0
Mapper: thekyoukoo
MD5Hash: 9a74f7b44ecc7542ee4d2f117f1c50e7
NotePrebufferTime: 1000
TimeOffset: -75
Volume: 0.5
Difficulty:
- Overall: 54
  Chordjack: 36.36090087890625
  Handstream: 56.6720947265625
  Jack: 28.67849979400635
  Jumpstream: 49.78079681396485
  Stamina: 54.35315208435059
  Stream: 48.59279365539551
  Technical: 49.58549423217774
  Rate: 100
