Artist: xi
AssetId: rbxassetid://598625751
CoverImageAssetId: ''
Description: ''
Filename: Blue Zenith (EXTRA)
HitSFXGroup: 0
Mapper: Jepetski
MD5Hash: 0df273e50be99a9ce2c6f00e996016b6
NotePrebufferTime: 1000
TimeOffset: -100
Volume: 0.5
Difficulty:
- Overall: 43
  Chordjack: 34.388096237182616
  Handstream: 46.37519645690918
  Jack: 28.757695770263673
  Jumpstream: 43.283698654174806
  Stamina: 46.16116218566895
  Stream: 39.61259994506836
  Technical: 42.33779983520508
  Rate: 100
