Artist: Fantom
AssetId: rbxassetid://10027941347
CoverImageAssetId: ''
Description: ''
Filename: Connect 1986
HitSFXGroup: 0
Mapper: IcyWorld
MD5Hash: a1e51be3bec88329592fa1a13052a1f3
NotePrebufferTime: 1000
TimeOffset: -70
Volume: 0.5
Difficulty:
- Overall: 44
  Chordjack: 32.27850151062012
  Handstream: 27.385192680358887
  Jack: 29.33909912109375
  Jumpstream: 42.408898544311526
  Stamina: 46.68091850280762
  Stream: 48.241797637939456
  Technical: 44.48069686889649
  Rate: 100
