Artist: Yu_Asahina
AssetId: rbxassetid://1197816891
CoverImageAssetId: --FILL IN COVERART ASSETID HERE--
Description: ''
Filename: Trickstarz (Sped up)
HitSFXGroup: 0
Mapper: hi19hi19
MD5Hash: 6e0c7eeb636050722599ad92386e1994
NotePrebufferTime: 800
TimeOffset: -75
Volume: 0.5
Difficulty:
- Overall: 39
  Chordjack: 26.552695083618165
  Handstream: 28.038594245910645
  Jack: 24.209996223449707
  Jumpstream: 31.98600082397461
  Stamina: 38.379878997802734
  Stream: 43.914602279663086
  Technical: 41.47200164794922
  Rate: 100
