Artist: m-flo loves AI &  & Rum (Heartsdales)
AssetId: rbxassetid://6280139203
CoverImageAssetId: ''
Description: ''
Filename: Starstruck (Speed Up Ver.)
HitSFXGroup: 0
Mapper: Leo137
MD5Hash: acd9369efa7a4c57792c98a2734795da
NotePrebufferTime: 1000
TimeOffset: -75
Volume: 0.5
Difficulty:
- Overall: 47
  Chordjack: 37.86389579772949
  Handstream: 44.201699066162114
  Jack: 28.78740177154541
  Jumpstream: 49.495492172241214
  Stamina: 49.55209579467773
  Stream: 49.60169563293457
  Technical: 49.6601978302002
  Rate: 100
