Artist: Sun3
AssetId: rbxassetid://1839219895
CoverImageAssetId: ''
Description: ''
Filename: Perfect Cherry Storm (LIGHT)
HitSFXGroup: 0
Mapper: 'ArcadeSona'
MD5Hash: 10949df5e99a590c52a0ab635ca20ff7
NotePrebufferTime: 1000
TimeOffset: -70
Volume: 0.5
Difficulty:
- Overall: 26
  Chordjack: 20.094296264648438
  Handstream: 19.791897583007813
  Jack: 16.496098709106445
  Jumpstream: 29.67660255432129
  Stamina: 26.967650413513184
  Stream: 29.443500137329103
  Technical: 29.54970359802246
  Rate: 100
