Artist: ke-ji feat. Nanahira
AssetId: rbxassetid://9042605436
CoverImageAssetId: ''
Description: ''
Filename: Ange du Blanc Pur (HEAVY)
HitSFXGroup: 0
Mapper: Ska
MD5Hash: be68fa32876995aed0c234c0b7767594
NotePrebufferTime: 1000
TimeOffset: -75
Volume: 0.5
Difficulty:
- Overall: 49
  Chordjack: 39.351595687866215
  Handstream: 36.9818962097168
  Jack: 31.72049903869629
  Jumpstream: 44.0216983795166
  Stamina: 44.79359436035156
  Stream: 49.25429763793945
  Technical: 45.89639854431152
  Rate: 100
