Artist: Silvia
AssetId: rbxassetid://13867335605
CoverImageAssetId: ''
Description: ''
Filename: Vertex BETA
HitSFXGroup: 0
Mapper: yeahitsryan
MD5Hash: 3244ff8e7b420b3ac0777a9b49596b39
NotePrebufferTime: 1000
TimeOffset: -75
Volume: 0.5
Difficulty:
- Overall: 39
  Chordjack: 28.776592254638672
  Handstream: 21.691795921325685
  Jack: 25.51319446563721
  Jumpstream: 39.94920043945313
  Stamina: 38.75268287658692
  Stream: 32.21459884643555
  Technical: 32.108398818969725
  Rate: 100
