Artist: 1f1n1ty & LOrbSheddy - PSMD
AssetId: rbxassetid://837104892
CoverImageAssetId: ''
Description: ''
Filename: 'Dark Matter Suite Remix '
HitSFXGroup: 0
MD5Hash: ddbf19e3522a22d16caf7f56259ddd79
NotePrebufferTime: 1000
TimeOffset: -70
Volume: 0.5
Difficulty:
- Overall: 29
  Chordjack: 22.98779640197754
  Handstream: 26.175594520568847
  Jack: 16.70939998626709
  Jumpstream: 32.12820167541504
  Stamina: 32.0949405670166
  Stream: 27.99539394378662
  Technical: 27.651595687866212
  Rate: 100
