Artist: Skan & El Speaker
AssetId: rbxassetid://10036567037
CoverImageAssetId: rbxassetid://7852236015
Description: ''
Filename: Hustler (ft. Highdiwaan)
HitSFXGroup: 0
Mapper: Xingyue
MD5Hash: aa30d97e1d31e0d58b685f631dd30062
NotePrebufferTime: 1000
TimeOffset: -315
Volume: 0.5
Difficulty:
- Overall: 53
  Chordjack: 51.470099258422856
  Handstream: 39.647701263427734
  Jack: 34.982096099853514
  Jumpstream: 38.13299560546875
  Stamina: 49.33258209228516
  Stream: 29.94660530090332
  Technical: 37.88999519348145
  Rate: 100
