Artist: xi
AssetId: rbxassetid://598625751
CoverImageAssetId: ''
Description: ''
Filename: Blue Zenith (HEAVY)
HitSFXGroup: 0
Mapper: Zen
MD5Hash: 581ed9cffed1b3d8ebbd0c788e2ba017
NotePrebufferTime: 1000
TimeOffset: -100
Volume: 0.5
Difficulty:
- Overall: 38
  Chordjack: 31.346098709106446
  Handstream: 39.36149711608887
  Jack: 27.04409465789795
  Jumpstream: 43.1873966217041
  Stamina: 43.14421348571778
  Stream: 33.78599739074707
  Technical: 37.898097610473634
  Rate: 100
