Artist: Ice
AssetId: rbxassetid://13872691312
CoverImageAssetId: ''
Description: ''
Filename: Zetsu
HitSFXGroup: 0
Mapper: frolica
MD5Hash: 828ab3cc0225f7f4b0cc955cf2f995ce
NotePrebufferTime: 1000
TimeOffset: -75
Volume: 0.5
Difficulty:
- Overall: 54
  Chordjack: 43.59239730834961
  Handstream: 48.089695358276366
  Jack: 33.7850944519043
  Jumpstream: 49.54859390258789
  Stamina: 51.774114990234374
  Stream: 50.04089813232422
  Technical: 54.52829132080078
  Rate: 100
