Artist: Shade Empire
AssetId: rbxassetid://14091433280
CoverImageAssetId: ''
Description: ''
Filename: Ash Statues (NO AUDIO)
HitSFXGroup: 0
Mapper: Wafles
MD5Hash: 7157d2f1cd6b9a44cceeb09cbecb68e6
NotePrebufferTime: 1000
TimeOffset: -200
Volume: 0.5
Difficulty:
- Overall: 75
  Chordjack: 45.68129653930664
  Handstream: 61.222494506835936
  Jack: 37.58490142822266
  Jumpstream: 63.973793792724614
  Stamina: 63.9098258972168
  Stream: 53.072094726562504
  Technical: 56.82959403991699
  Rate: 100
