Artist: LIQU@
AssetId: rbxassetid://10727734039
CoverImageAssetId: ''
Description: ''
Filename: NANAIRO (Dump)
HitSFXGroup: 0
MD5Hash: fc7684abeedaccabbd3ad2903d38da3e
NotePrebufferTime: 800
TimeOffset: -86
Volume: 0.5
Difficulty:
- Overall: 37
  Chordjack: 31.797897720336916
  Handstream: 28.538094520568848
  Jack: 24.069596099853516
  Jumpstream: 36.019799423217776
  Stamina: 33.91527900695801
  Stream: 37.95570030212402
  Technical: 36.71010131835938
  Rate: 100
