Artist: Ryu-5150
AssetId: rbxassetid://13867491524
CoverImageAssetId: ''
Description: ''
Filename: Louder than steel
HitSFXGroup: 0
Mapper: Ska
MD5Hash: 6e3c266823834bcfa523d554395303cf
NotePrebufferTime: 1000
TimeOffset: -75
Volume: 0.5
Difficulty:
- Overall: 54
  Chordjack: 35.54639511108399
  Handstream: 40.79159774780273
  Jack: 30.48120002746582
  Jumpstream: 46.86839332580566
  Stamina: 53.00284309387207
  Stream: 53.05589332580566
  Technical: 51.15959129333496
  Rate: 100
