Artist: Tatsh
AssetId: rbxassetid://10024673501
CoverImageAssetId: ''
Description: ''
Filename: Image Material
HitSFXGroup: 0
Mapper: Fullerene-
MD5Hash: f803d0a0be69c29d14b8cdfa6e474b65
NotePrebufferTime: 1000
TimeOffset: -70
Volume: 0.5
Difficulty:
- Overall: 53.266676330566405
  Chordjack: 34.95329818725586
  Handstream: 49.898693847656254
  Jack: 31.634098434448244
  Jumpstream: 52.014595413208006
  Stamina: 51.96258544921875
  Stream: 48.60809555053711
  Technical: 46.506599807739256
  Rate: 100
