Artist: aaaa
AssetId: rbxassetid://10693853237
CoverImageAssetId: ''
Description: ''
Filename: carnation (ck remix) (LN)
HitSFXGroup: 0
Mapper: Gekido-
MD5Hash: 1f606c0ebd98f9682e0c58955154b394
NotePrebufferTime: 1000
TimeOffset: -70
Volume: 0.5
Difficulty:
- Overall: 0
  Chordjack: 31.76279983520508
  Handstream: 38.741401290893556
  Jack: 26.786693572998047
  Jumpstream: 41.913899230957036
  Stamina: 41.0988338470459
  Stream: 33.990298461914065
  Technical: 40.37039909362793
  Rate: 100
