Artist: Kobaryo
AssetId: rbxassetid://10698476239
CoverImageAssetId: ''
Description: ''
Filename: Pure Evil (HEAVY)
HitSFXGroup: 0
MD5Hash: ba7cc01921f7c05dc1219a2edd8fbd38
NotePrebufferTime: 800
TimeOffset: -800
Volume: 0.5
Difficulty:
- Overall: 33
  Chordjack: 29.77290458679199
  Handstream: 26.213394355773925
  Jack: 24.863396072387697
  Jumpstream: 38.81069755554199
  Stamina: 36.69607658386231
  Stream: 29.187903213500977
  Technical: 34.62389717102051
  Rate: 100
