Artist: Xanopticon
AssetId: rbxassetid://10064768235
CoverImageAssetId: ''
Description: ''
Filename: Psicicite
HitSFXGroup: 0
Mapper: Shoegazer
MD5Hash: 72142b9965006b8e8fe909f18378a596
NotePrebufferTime: 1000
TimeOffset: -610
Volume: 0.5
Difficulty:
- Overall: 40
  Chordjack: 31.666501235961913
  Handstream: 24.00929660797119
  Jack: 26.37179489135742
  Jumpstream: 42.996598434448245
  Stamina: 42.24963111877442
  Stream: 36.679494094848636
  Technical: 41.59529914855957
  Rate: 100
