Artist: Katagiri
AssetId: rbxassetid://10729124360
CoverImageAssetId: ''
Description: ''
Filename: STRONG 280
HitSFXGroup: 0
Mapper: aewyuii
MD5Hash: 6f266c28bb046b67cfb45ae6d21e7351
NotePrebufferTime: 1000
TimeOffset: -75
Volume: 0.5
Difficulty:
- Overall: 50
  Chordjack: 48.19499588012695
  Handstream: 47.37779846191406
  Jack: 30.850199890136718
  Jumpstream: 46.518293380737305
  Stamina: 48.14680366516114
  Stream: 39.87719879150391
  Technical: 46.53359870910645
  Rate: 100
