Artist: t+pazolite
AssetId: rbxassetid://10718729415
CoverImageAssetId: rbxassetid://6572885828
Description: Mapped by Lirai
Filename: Contrapasso -inferno-
HitSFXGroup: 0
Mapper: Lirai
MD5Hash: 4d00f6c3365f5c20f70b17bf4a1a5f86
NotePrebufferTime: 800
TimeOffset: -55
Volume: 0.5
Difficulty:
- Overall: 35
  Chordjack: 29.1501033782959
  Handstream: 29.19690170288086
  Jack: 20.85839710235596
  Jumpstream: 37.18349533081055
  Stamina: 33.162155914306645
  Stream: 29.233805465698243
  Technical: 36.682199478149414
  Rate: 100
