Artist: Yu_Asahina
AssetId: rbxassetid://10027918179
CoverImageAssetId: ''
Description: ''
Filename: Trickstarz
HitSFXGroup: 0
Mapper: hi19hi19
MD5Hash: 823fe71e1368701d4209802074f23ec7
NotePrebufferTime: 1000
TimeOffset: -70
Volume: 0.5
Difficulty:
- Overall: 46
  Chordjack: 32.669999313354495
  Handstream: 30.17700233459473
  Jack: 27.77489490509033
  Jumpstream: 35.82360076904297
  Stamina: 41.852695083618165
  Stream: 47.39489936828613
  Technical: 44.177395248413085
  Rate: 100
