Artist: Camellia
AssetId: rbxassetid://13642169699
CoverImageAssetId: ''
Description: ''
Filename: NEURO-CLOUD-9
HitSFXGroup: 0
Mapper: '[LS]SureFir3'
MD5Hash: 91d698ae5f79c585c5f2b93b785e2b50
NotePrebufferTime: 1000
TimeOffset: -75
Volume: 0.5
Difficulty:
- Overall: 52
  Chordjack: 35.7128963470459
  Handstream: 41.30460090637207
  Jack: 29.99070167541504
  Jumpstream: 45.785697555541994
  Stamina: 49.898302459716795
  Stream: 52.27469329833985
  Technical: 49.37579612731934
  Rate: 100
