Artist: Ariabl'eyeS
AssetId: rbxassetid://10017742398
CoverImageAssetId: ''
Description: ''
Filename: Kegare Naki Bara Juuji
HitSFXGroup: 0
Mapper: '[Crz]Rachel'
MD5Hash: e698e4249ce2770de6c8e03ea1bf8aef
NotePrebufferTime: 1000
TimeOffset: -75
Volume: 0.5
Difficulty:
- Overall: 57
  Chordjack: 39.80339813232422
  Handstream: 58.346987915039065
  Jack: 32.42069549560547
  Jumpstream: 53.758795166015624
  Stamina: 58.28864364624024
  Stream: 44.64359664916992
  Technical: 49.52429351806641
  Rate: 100
