Artist: Camellia
AssetId: rbxassetid://13872245284
CoverImageAssetId: ''
Description: ''
Filename: paroxysm
HitSFXGroup: 0
Mapper: 'Gekido'
MD5Hash: a0a94bf72eb4ea83e12f867f89c20fc4
NotePrebufferTime: 1000
TimeOffset: -75
Volume: 0.5
Difficulty:
- Overall: 53
  Chordjack: 38.07899780273438
  Handstream: 50.34419288635254
  Jack: 28.735201263427737
  Jumpstream: 50.0660945892334
  Stamina: 51.85407485961914
  Stream: 52.95329475402832
  Technical: 50.621395111083984
  Rate: 100
