Artist: Various Artists
AssetId: rbxassetid://13646211011
CoverImageAssetId: ''
Description: ''
Filename: "EGOISM440\U0001F57A\U0001F3B6"
HitSFXGroup: 0
Mapper: uqaac
MD5Hash: 21a0027d36f20080ccf70e5063e0a7cc
NotePrebufferTime: 1000
TimeOffset: -75
Volume: 0.5
Difficulty:
- Overall: 46
  Chordjack: 44.16929626464844
  Handstream: 49.28039360046387
  Jack: 35.10989456176758
  Jumpstream: 46.241997528076176
  Stamina: 46.24881935119629
  Stream: 39.41639785766602
  Technical: 47.546095275878905
  Rate: 100
