Artist: Jeff Williams
AssetId: rbxassetid://10024383310
CoverImageAssetId: ''
Description: ''
Filename: Time To say Goodbye (feat. Casey Lee Williams)
HitSFXGroup: 0
MD5Hash: bb939ed03a48c7d58cb82d62d93e1fbc
NotePrebufferTime: 1000
TimeOffset: -70
Volume: 0.5
Difficulty:
- Overall: 47
  Chordjack: 34.22519645690918
  Handstream: 37.916098022460936
  Jack: 27.40770263671875
  Jumpstream: 48.79349327087402
  Stamina: 47.84437065124512
  Stream: 45.279001235961914
  Technical: 46.86749725341797
  Rate: 100
