Artist: Saturns Dream Remix
AssetId: rbxassetid://1228563820
CoverImageAssetId: --FILL IN COVERART ASSETID HERE--
Description: ''
Filename: Cotton Candy Party
HitSFXGroup: 0
MD5Hash: 2de274ba27b9fb0e83ecae37bddbb47f
NotePrebufferTime: 980
TimeOffset: -60
Volume: 0.5
Difficulty:
- Overall: 35
  Chordjack: 26.817295646667482
  Handstream: 30.082499313354493
  Jack: 21.568498420715333
  Jumpstream: 37.88279571533203
  Stamina: 37.844916915893556
  Stream: 31.863599395751955
  Technical: 33.52949752807617
  Rate: 100
