Artist: Camellia
AssetId: rbxassetid://13155610508
CoverImageAssetId: ''
Description: ''
Filename: overcomplexification ("Quaternion" Long ver.)
HitSFXGroup: 0
Mapper: Evening
MD5Hash: 29984489d50912098539a5ee3ca384f6
NotePrebufferTime: 1000
TimeOffset: -75
Volume: 0.5
Difficulty:
- Overall: 49
  Chordjack: 38.730596923828124
  Handstream: 45.72089538574219
  Jack: 30.58920249938965
  Jumpstream: 46.69559898376465
  Stamina: 47.02133674621582
  Stream: 46.58759651184082
  Technical: 48.44789428710938
  Rate: 100
