Artist: Team Grimoire vs Laur
AssetId: rbxassetid://10698118788
CoverImageAssetId: ''
Description: ''
Filename: Grievous Lady (LN)
HitSFXGroup: 0
MD5Hash: d39497696c8185313634a09f15f17d40
NotePrebufferTime: 1000
TimeOffset: -70
Volume: 0.5
Difficulty:
- Overall: 0
  Chordjack: 31.89869728088379
  Handstream: 30.983405685424806
  Jack: 21.68009719848633
  Jumpstream: 35.36999588012696
  Stamina: 32.97423820495606
  Stream: 27.73349533081055
  Technical: 34.64729804992676
  Rate: 100
