Artist: Yonekura Chihiro
AssetId: rbxassetid://13155703767
CoverImageAssetId: ''
Description: ''
Filename: Koiseyo Otome!
HitSFXGroup: 0
Mapper: Ska
MD5Hash: e463c9ecbefc187d1c12192c676adba8
NotePrebufferTime: 1000
TimeOffset: -75
Volume: 0.5
Difficulty:
- Overall: 59
  Chordjack: 40.398297500610354
  Handstream: 41.579094314575194
  Jack: 31.65300178527832
  Jumpstream: 50.531396484375
  Stamina: 60.43750076293946
  Stream: 60.49799423217774
  Technical: 57.65309143066406
  Rate: 100
