Artist: xi
AssetId: rbxassetid://10017940165
CoverImageAssetId: rbxassetid://8359749431
Description: ''
Filename: Ascension to Heaven (HEAVY)
HitSFXGroup: 0
Mapper: hansuyo
MD5Hash: 7b81239fbd46e97ed56255c21949cf75
NotePrebufferTime: 1000
TimeOffset: -70
Volume: 0.5
Difficulty:
- Overall: 37
  Chordjack: 31.230900192260744
  Handstream: 37.53809623718262
  Jack: 27.74429454803467
  Jumpstream: 47.513695907592776
  Stamina: 47.46618347167969
  Stream: 39.52079887390137
  Technical: 42.43319892883301
  Rate: 100
