Artist: moldycheese99
AssetId: rbxassetid://10017787936
CoverImageAssetId: rbxassetid://8357143147
Description: ''
Filename: you should not be up this late (HEAVY)
HitSFXGroup: 0
Mapper: moldycheese99
MD5Hash: 29837e58151ce239b411adbd423f78b7
NotePrebufferTime: 1000
TimeOffset: -70
Volume: 0.5
Difficulty:
- Overall: 42
  Chordjack: 27.562494850158693
  Handstream: 34.53749656677246
  Jack: 25.593296813964844
  Jumpstream: 45.6101978302002
  Stamina: 43.523931884765624
  Stream: 41.982299423217775
  Technical: 40.251595687866214
  Rate: 100
