Artist: Ariabl'eyeS
AssetId: rbxassetid://13011615410
CoverImageAssetId: ''
Description: ''
Filename: Reflect (Short Ver.)
HitSFXGroup: 0
Mapper: Xingyue
MD5Hash: ce4ac59505191cf2958a5431e11f1dbc
NotePrebufferTime: 1000
TimeOffset: -75
Volume: 0.5
Difficulty:
- Overall: 50
  Chordjack: 50.86259651184082
  Handstream: 36.18449821472168
  Jack: 32.27849807739258
  Jumpstream: 34.44659843444824
  Stamina: 49.076693344116215
  Stream: 27.785694122314453
  Technical: 34.78769645690918
  Rate: 100
