Artist: Camellia ft. Nanahira
AssetId: rbxassetid://10070115926
CoverImageAssetId: ''
Description: ''
Filename: Niwaka Sannen Ota Hachinen
HitSFXGroup: 0
Mapper: 'PianoLuigi'
MD5Hash: cb3c65e4848e8e548d6c0dadfa90aa2b
NotePrebufferTime: 1000
TimeOffset: -70
Volume: 0.5
Difficulty:
- Overall: 38
  Chordjack: 30.571202087402344
  Handstream: 30.999600219726563
  Jack: 26.07389545440674
  Jumpstream: 40.060797500610356
  Stamina: 40.02073860168457
  Stream: 33.5906982421875
  Technical: 35.7066032409668
  Rate: 100
