Artist: siinamota feat. Hatsune Miku
AssetId: rbxassetid://10070182000
CoverImageAssetId: ''
Description: ''
Filename: Sore wa Mahiru no Suisei (Chroma gochapon remix)
HitSFXGroup: 0
Mapper: LeiN-
MD5Hash: 7c0d02cbeb5b0b29f0b5fab94467ba1a
NotePrebufferTime: 1000
TimeOffset: -70
Volume: 0.5
Difficulty:
- Overall: 39
  Chordjack: 41.179497528076176
  Handstream: 35.27639579772949
  Jack: 29.06549835205078
  Jumpstream: 37.73069686889649
  Stamina: 41.138319396972655
  Stream: 26.71919288635254
  Technical: 36.430197143554686
  Rate: 100
