Artist: Vickeblanka
AssetId: rbxassetid://10023943575
CoverImageAssetId: rbxassetid://8359884137
Description: ''
Filename: Black Rover (LIGHT)
HitSFXGroup: 0
Mapper: Neptunia-chan
MD5Hash: f8229915929e07a008138d4529f207c9
NotePrebufferTime: 1000
TimeOffset: -70
Volume: 0.5
Difficulty:
- Overall: 26
  Chordjack: 27.024295234680178
  Handstream: 24.6725944519043
  Jack: 20.384098434448244
  Jumpstream: 28.620898818969728
  Stamina: 25.37776908874512
  Stream: 21.652197074890136
  Technical: 28.635299491882325
  Rate: 100
