Artist: Yu-Dachi
AssetId: rbxassetid://13109651657
CoverImageAssetId: ''
Description: ''
Filename: Namida no Megami to Mukei no Etoile
HitSFXGroup: 0
Mapper: Turtle_Bits
MD5Hash: 8adce492207b5eb5ba1b53bc398b99ee
NotePrebufferTime: 1000
TimeOffset: -75
Volume: 0.5
Difficulty:
- Overall: 36
  Chordjack: 29.71890335083008
  Handstream: 32.36940307617188
  Jack: 22.75649814605713
  Jumpstream: 35.97389717102051
  Stamina: 31.565310287475587
  Stream: 32.52149505615235
  Technical: 35.763296127319336
  Rate: 100
