Artist: Modern Revolt
AssetId: rbxassetid://10080201866
CoverImageAssetId: ''
Description: ''
Filename: VOLT
HitSFXGroup: 0
MD5Hash: eac47be7b1443013ee478f371fb08259
NotePrebufferTime: 1000
TimeOffset: -70
Volume: 0.5
Difficulty:
- Overall: 34
  Chordjack: 27.34739284515381
  Handstream: 31.180500411987307
  Jack: 18.669597816467284
  Jumpstream: 31.095902252197266
  Stamina: 27.87422504425049
  Stream: 23.280297088623048
  Technical: 30.872701263427736
  Rate: 100
