Artist: Outsider
AssetId: rbxassetid://10029430970
CoverImageAssetId: ''
Description: ''
Filename: Acquaintance
HitSFXGroup: 0
Mapper: Skwid
MD5Hash: a36488f5c9c2b3995a949d9f2b4db256
NotePrebufferTime: 1000
TimeOffset: 0
Volume: 0.5
Difficulty:
- Overall: 43
  Chordjack: 29.568603515625
  Handstream: 32.908502197265626
  Jack: 27.701095962524416
  Jumpstream: 41.3370002746582
  Stamina: 44.56776008605957
  Stream: 46.71629791259766
  Technical: 46.768496704101565
  Rate: 100
