Artist: lapix
AssetId: rbxassetid://10043795059
CoverImageAssetId: ''
Description: ''
Filename: Duality Rave (Zekk's 'FULL SPEC' Remix) (LIGHT)
HitSFXGroup: 0
Mapper: Kamuy
MD5Hash: 4c48d661fbcdaa11e9e3fa718d579e15
NotePrebufferTime: 1000
TimeOffset: -130
Volume: 0.5
Difficulty:
- Overall: 24
  Chordjack: 17.08919734954834
  Handstream: 16.652698516845703
  Jack: 18.699298667907716
  Jumpstream: 29.312100219726563
  Stamina: 28.278724479675294
  Stream: 27.360894012451173
  Technical: 27.71279468536377
  Rate: 100
