Artist: Camellia
AssetId: rbxassetid://13158956276
CoverImageAssetId: ''
Description: ''
Filename: K.Y.A.F.A. (LIGHT)
HitSFXGroup: 0
Mapper: Evening
MD5Hash: adb3c1dc17805e26a100d7d68e13a822
NotePrebufferTime: 1000
TimeOffset: -75
Volume: 0.5
Difficulty:
- Overall: 45
  Chordjack: 35.79659843444824
  Handstream: 45.075596237182616
  Jack: 30.708901977539064
  Jumpstream: 47.03039360046387
  Stamina: 46.98336524963379
  Stream: 42.33600082397461
  Technical: 45.17549285888672
  Rate: 100
