Artist: a_hisa
AssetId: rbxassetid://10693745066
CoverImageAssetId: ''
Description: ''
Filename: Cheshire,s dance (LN HEAVY)
HitSFXGroup: 0
Mapper: gemboyong
MD5Hash: fc4d87b925743c26e3c3ea464fb48f5f
NotePrebufferTime: 1000
TimeOffset: -70
Volume: 0.5
Difficulty:
- Overall: 0
  Chordjack: 34.49429626464844
  Handstream: 48.885297775268555
  Jack: 28.404902458190918
  Jumpstream: 46.1753963470459
  Stamina: 48.836415481567386
  Stream: 34.12259788513184
  Technical: 41.40900192260742
  Rate: 100
