Artist: Kayano Ai, Tomatsu Haruka, Hayami Saori
AssetId: rbxassetid://142310902
CoverImageAssetId: ''
Description: ''
Filename: secret base ~Kimi ga Kureta Mono~
HitSFXGroup: 0
MD5Hash: 8933d84e7883d98b0ec5338effacc71a
NotePrebufferTime: 1000
TimeOffset: -70
Volume: 0.5
Difficulty:
- Overall: 64.06452178955078
  Chordjack: 40.439753723144534
  Handstream: 33.47864112854004
  Jack: 35.2812744140625
  Jumpstream: 40.449517822265626
  Stamina: 53.728981018066406
  Stream: 60.06452178955078
  Technical: 53.96345329284668
  Rate: 100
