Artist: Chroma
AssetId: rbxassetid://10046487455
CoverImageAssetId: ''
Description: ''
Filename: Black Emperor (LIGHT)
HitSFXGroup: 0
MD5Hash: 4930e7d8e51f533d0a42531a8e77d5f3
NotePrebufferTime: 1000
TimeOffset: -70
Volume: 0.5
Difficulty:
- Overall: 8
  Chordjack: 7.667101764678955
  Handstream: 7.430402183532715
  Jack: 6.713100099563599
  Jumpstream: 13.293000411987306
  Stamina: 11.83711452484131
  Stream: 13.385699272155762
  Technical: 14.001301860809326
  Rate: 100
