Artist: Vibe Tracks
AssetId: rbxassetid://2575646945
CoverImageAssetId: ''
Description: ''
Filename: Foundation
HitSFXGroup: 0
Mapper: YunoMaya
MD5Hash: 2f83ec9a4bf34e5ecd54a9dc3712fb33
NotePrebufferTime: 1000
TimeOffset: -250
Volume: 0.5
Difficulty:
- Overall: 36
  Chordjack: 42.68610076904297
  Handstream: 32.10389785766602
  Jack: 22.503594589233398
  Jumpstream: 32.56109733581543
  Stamina: 41.18040046691895
  Stream: 23.018395042419435
  Technical: 27.118794822692873
  Rate: 100
