Artist: Primary
AssetId: rbxassetid://10719140723
CoverImageAssetId: ''
Description: ''
Filename: in the Garden (LIGHT)
HitSFXGroup: 0
MD5Hash: c83cde7e628b0a65f2cd0eeaf05012e1
NotePrebufferTime: 1000
TimeOffset: -70
Volume: 0.5
Difficulty:
- Overall: 12
  Chordjack: 13.119299697875977
  Handstream: 10.849501132965088
  Jack: 10.404899883270264
  Jumpstream: 21.715196800231933
  Stamina: 20.197246742248534
  Stream: 19.826095962524416
  Technical: 18.599398612976074
  Rate: 100
