Artist: Seiryu
AssetId: rbxassetid://10698371538
CoverImageAssetId: ''
Description: ''
Filename: Water Horizon (HEAVY)
HitSFXGroup: 0
MD5Hash: 617a0836f9b0382da971a69242620074
NotePrebufferTime: 1000
TimeOffset: -70
Volume: 0.5
Difficulty:
- Overall: 29
  Chordjack: 29.744103240966798
  Handstream: 24.02549629211426
  Jack: 23.994895935058594
  Jumpstream: 29.05470085144043
  Stamina: 27.948108100891115
  Stream: 22.211995124816895
  Technical: 29.39400329589844
  Rate: 100
