Artist: 3R2
AssetId: rbxassetid://13155897061
CoverImageAssetId: ''
Description: ''
Filename: The Truth Never Spoken
HitSFXGroup: 0
Mapper: '[Crz]Rachel'
MD5Hash: 9c7da4fd4558ed3dd26ddd7f19add4de
NotePrebufferTime: 1000
TimeOffset: -75
Volume: 0.5
Difficulty:
- Overall: 52
  Chordjack: 55.38509101867676
  Handstream: 41.38470153808594
  Jack: 27.033302307128906
  Jumpstream: 41.43959884643555
  Stamina: 51.81372413635254
  Stream: 29.257202911376954
  Technical: 34.35659980773926
  Rate: 100
