Artist: Manabu Nakimi
AssetId: rbxassetid://10017784233
CoverImageAssetId: ''
Description: ''
Filename: TENSHI (True Final Boss)
HitSFXGroup: 0
Mapper: '- Gezo -'
MD5Hash: 87578a8ade2eb1565f5a146bd04f5dd8
NotePrebufferTime: 1000
TimeOffset: -205
Volume: 0.5
Difficulty:
- Overall: 59
  Chordjack: 52.81064414978027
  Handstream: 46.927860260009766
  Jack: 37.89272804260254
  Jumpstream: 46.391854476928714
  Stamina: 50.01646728515625
  Stream: 32.875862503051756
  Technical: 45.962876129150395
  Rate: 100
