Artist: KASAI HARCORES
AssetId: rbxassetid://10070170627
CoverImageAssetId: ''
Description: ''
Filename: Drop The Fire (LIGHT)
HitSFXGroup: 0
Mapper: eon
MD5Hash: 6bf0d9e35aa5fd65ae9b7f95b083c411
NotePrebufferTime: 1000
TimeOffset: -75
Volume: 0.5
Difficulty:
- Overall: 23
  Chordjack: 14.69520092010498
  Handstream: 16.30799903869629
  Jack: 11.052899265289307
  Jumpstream: 24.78959369659424
  Stamina: 23.75878772735596
  Stream: 22.46579647064209
  Technical: 22.782595825195312
  Rate: 100
