Artist: Yooh
AssetId: rbxassetid://10045037189
CoverImageAssetId: ''
Description: ''
Filename: Black or White (LIGHT)
HitSFXGroup: 0
MD5Hash: 046c359ec42363f753015cdffcf5dba4
NotePrebufferTime: 990
TimeOffset: -75
Volume: 0.5
Difficulty:
- Overall: 17
  Chordjack: 14.769902801513672
  Handstream: 13.326301002502442
  Jack: 16.755298805236816
  Jumpstream: 24.171295166015625
  Stamina: 20.97904415130615
  Stream: 24.12269439697266
  Technical: 24.545695495605468
  Rate: 100
