Artist: SAMBA MASTER -SATOH-
AssetId: rbxassetid://2992906610
CoverImageAssetId: ''
Description: ''
Filename: Samba Land
HitSFXGroup: 0
Mapper: Shoegazer
MD5Hash: d9887e61772495b2a08000dadaa36bd1
NotePrebufferTime: 1000
TimeOffset: -550
Volume: 0.5
Difficulty:
- Overall: 36
  Chordjack: 28.382394218444826
  Handstream: 37.8476978302002
  Jack: 22.058995056152344
  Jumpstream: 35.47709541320801
  Stamina: 37.04189186096192
  Stream: 28.26449375152588
  Technical: 34.621195220947264
  Rate: 100
