Artist: Various Artists
AssetId: rbxassetid://0
CoverImageAssetId: ''
Description: ''
Filename: Chordjack Joker Dan VII
HitSFXGroup: 0
Mapper: '[Crz]Rachel&Ice V'
MD5Hash: 575ffb3ccccf1c7e89af4664fd0e04a4
NotePrebufferTime: 1000
TimeOffset: -75
Volume: 0.5
Difficulty:
- Overall: 55
  Chordjack: 56.568593215942386
  Handstream: 40.061700439453126
  Jack: 30.752098846435548
  Jumpstream: 39.88799285888672
  Stamina: 56.51203079223633
  Stream: 31.544099807739258
  Technical: 38.07809829711914
  Rate: 100
