Artist: Camellia
AssetId: rbxassetid://10024547420
CoverImageAssetId: ''
Description: ''
Filename: fastest crash (Camellia's "paroxysmal" Energetic Hitech Remix)
HitSFXGroup: 0
Mapper: 11Bit
MD5Hash: 666d34981242bdecea6dea59ace73293
NotePrebufferTime: 1000
TimeOffset: -75
Volume: 0.5
Difficulty:
- Overall: 49
  Chordjack: 44.541894149780276
  Handstream: 38.692797088623045
  Jack: 33.80309829711914
  Jumpstream: 41.393696594238286
  Stamina: 44.497354888916014
  Stream: 32.84100151062012
  Technical: 40.16429557800293
  Rate: 100
