Artist: Musical Masterpiece
AssetId: rbxassetid://10080029200
CoverImageAssetId: ''
Description: ''
Filename: M-A (HEAVY)
HitSFXGroup: 0
Mapper: IcyWorld
MD5Hash: 3a2b473aa81481495b75914f276a1b38
NotePrebufferTime: 1000
TimeOffset: -70
Volume: 0.5
Difficulty:
- Overall: 36
  Chordjack: 27.44279365539551
  Handstream: 33.26399917602539
  Jack: 23.563795852661134
  Jumpstream: 41.456699752807616
  Stamina: 40.25995559692383
  Stream: 36.350999450683595
  Technical: 35.24219741821289
  Rate: 100
