Artist: u's
AssetId: rbxassetid://10698547446
CoverImageAssetId: --FILL IN COVERART ASSETID HERE--
Description: ''
Filename: Korekara no Someday (LIGHT)
HitSFXGroup: 0
MD5Hash: 3a5c60235a7d37cdd2ef9f63161bda4d
NotePrebufferTime: 1100
TimeOffset: -75
Volume: 0.5
Difficulty:
- Overall: 17
  Chordjack: 12.726001167297364
  Handstream: 17.810995674133302
  Jack: 11.382300281524659
  Jumpstream: 21.783595275878906
  Stamina: 19.430505752563477
  Stream: 20.88629722595215
  Technical: 21.68639545440674
  Rate: 100
