Artist: Yunosuke ft. Hatsune Miku
AssetId: rbxassetid://10024379221
CoverImageAssetId: ''
Description: ''
Filename: Break It
HitSFXGroup: 0
Mapper: '[Crz]Rachel'
MD5Hash: f46bee68216f8ca851ee5b0b2f91ca26
NotePrebufferTime: 1000
TimeOffset: -75
Volume: 0.5
Difficulty:
- Overall: 49
  Chordjack: 52.41419563293457
  Handstream: 33.079497528076175
  Jack: 30.58920249938965
  Jumpstream: 33.84090156555176
  Stamina: 52.36178398132324
  Stream: 27.191694259643555
  Technical: 32.48909912109375
  Rate: 100
