Artist: YMCK
AssetId: rbxassetid://10025037823
CoverImageAssetId: ''
Description: ''
Filename: Curry da yo!
HitSFXGroup: 0
Mapper: kaiten123
MD5Hash: 5cc6de5b0e6e023c953fc3aff633279c
NotePrebufferTime: 1000
TimeOffset: -70
Volume: 0.5
Difficulty:
- Overall: 46
  Chordjack: 29.682902526855468
  Handstream: 27.885594177246094
  Jack: 28.762200164794923
  Jumpstream: 32.651099395751956
  Stamina: 43.01027297973633
  Stream: 49.61519508361817
  Technical: 44.87490005493164
  Rate: 100
