Artist: Kobaryo
AssetId: rbxassetid://10025130578
CoverImageAssetId: ''
Description: Made by rinstea
Filename: Invisible Frenzy
HitSFXGroup: 0
Mapper: rinstea
MD5Hash: b912eb997497a2f55eb72bb6d9d3a0fe
NotePrebufferTime: 1000
TimeOffset: -70
Volume: 0.5
Difficulty:
- Overall: 46
  Chordjack: 42.75540046691895
  Handstream: 31.33440170288086
  Jack: 29.19060516357422
  Jumpstream: 37.52729873657227
  Stamina: 40.339905166625975
  Stream: 31.47660255432129
  Technical: 38.18249931335449
  Rate: 100
