Artist: Camellia
AssetId: rbxassetid://10056113031
CoverImageAssetId: ''
Description: ''
Filename: Ethnik Khemikal Teknologi
HitSFXGroup: 0
MD5Hash: 305a9b9486cbe9b5a89f53a436f59b9c
NotePrebufferTime: 1000
TimeOffset: 3000
Volume: 0.5
Difficulty:
- Overall: 41
  Chordjack: 41.39909362792969
  Handstream: 40.5035945892334
  Jack: 22.846498489379883
  Jumpstream: 39.88889923095703
  Stamina: 41.357695770263675
  Stream: 29.808901977539062
  Technical: 35.8910945892334
  Rate: 100
