Artist: Andy Lee arranged by Saka-ROW Kumi
AssetId: rbxassetid://10049027967
CoverImageAssetId: ''
Description: ''
Filename: L.D. (LIGHT)
HitSFXGroup: 0
Mapper: Jakads
MD5Hash: 40534376c9403d0d68c0fc8a275b3a4e
NotePrebufferTime: 1000
TimeOffset: -70
Volume: 0.5
Difficulty:
- Overall: 31
  Chordjack: 20
  Handstream: 27.098094177246093
  Jack: 22.161595344543457
  Jumpstream: 33.89579887390137
  Stamina: 32.28451309204102
  Stream: 30.62340431213379
  Technical: 31.15440101623535
  Rate: 100
