Artist: yuikonnu & ayaponzu
AssetId: rbxassetid://10080246005
CoverImageAssetId: ''
Description: ''
Filename: Super Nuko World (HEAVY)
HitSFXGroup: 0
Mapper: KingKrafty22
MD5Hash: 71634dbb1cf07fd3c9c335bad778530b
NotePrebufferTime: 1000
TimeOffset: -50
Volume: 0.5
Difficulty:
- Overall: 20
  Chordjack: 17.90819721221924
  Handstream: 21.1220947265625
  Jack: 13.726802444458007
  Jumpstream: 27.656093215942384
  Stamina: 27.628438568115236
  Stream: 23.95169563293457
  Technical: 26.096395111083986
  Rate: 100
