Artist: Suguro
AssetId: rbxassetid://10024740556
CoverImageAssetId: ''
Description: ''
Filename: Sun Valley (K2 Remix)
HitSFXGroup: 0
Mapper: Guilhermeziat
MD5Hash: a6a2d9ad97bc484736272396d26bfa77
NotePrebufferTime: 1000
TimeOffset: -70
Volume: 0.5
Difficulty:
- Overall: 48
  Chordjack: 35.58509788513184
  Handstream: 32.0625
  Jack: 31.71150054931641
  Jumpstream: 43.95329818725586
  Stamina: 47.108520126342775
  Stream: 52.16039772033692
  Technical: 46.49129791259766
  Rate: 100
