Artist: Venetian Snares
AssetId: rbxassetid://3047038084
CoverImageAssetId: ''
Description: ''
Filename: Die Winnipeg
HitSFXGroup: 0
Mapper: Alexdest
MD5Hash: 8a3a8893fa2b0650045948bfb300edc4
NotePrebufferTime: 1000
TimeOffset: -70
Volume: 0.5
Difficulty:
- Overall: 41
  Chordjack: 28.42109527587891
  Handstream: 40.906799697875975
  Jack: 26.316894149780275
  Jumpstream: 43.13429489135742
  Stamina: 41.98460998535156
  Stream: 42.245998764038085
  Technical: 40.906799697875975
  Rate: 100
