Artist: 'PinocchioP '
AssetId: rbxassetid://10024454874
CoverImageAssetId: ''
Description: ''
Filename: Thanks for being Lifeless
HitSFXGroup: 0
Mapper: SunsetKR
MD5Hash: 5b8a5bbe38d412baf620b275eaf57087
NotePrebufferTime: 1000
TimeOffset: -70
Volume: 0.5
Difficulty:
- Overall: 46
  Chordjack: 47.61089744567871
  Handstream: 42.88859939575195
  Jack: 25.88669528961182
  Jumpstream: 40.46129722595215
  Stamina: 45.982706451416014
  Stream: 28.100694465637208
  Technical: 35.58959541320801
  Rate: 100
