Artist: SKAN
AssetId: rbxassetid://10044176207
CoverImageAssetId: ''
Description: ''
Filename: Sadaweya
HitSFXGroup: 0
Mapper: LTD
MD5Hash: 653cc1c4527f77719cfe2c7fe6fd6d62
NotePrebufferTime: -3000
TimeOffset: 0
Volume: 0.5
Difficulty:
- Overall: 57
  Chordjack: 53.99459609985352
  Handstream: 41.22089881896973
  Jack: 30.233698654174805
  Jumpstream: 40.6601978302002
  Stamina: 50.69762992858887
  Stream: 31.000499725341797
  Technical: 36.18179969787598
  Rate: 100
