Artist: Thaehan
AssetId: rbxassetid://10719074113
CoverImageAssetId: ''
Description: ''
Filename: Leprechaun (LIGHT)
HitSFXGroup: 0
MD5Hash: 06af903809a4848d4640322a4421a4e1
NotePrebufferTime: 1000
TimeOffset: -90
Volume: 0.5
Difficulty:
- Overall: 12
  Chordjack: 9.11160135269165
  Handstream: 11.209500789642334
  Jack: 12.348899745941162
  Jumpstream: 16.190998077392578
  Stamina: 14.815224838256837
  Stream: 13.792500686645509
  Technical: 15.700499725341798
  Rate: 100
