Artist: Audionautix
AssetId: rbxassetid://6279829044
CoverImageAssetId: ''
Description: ''
Filename: Tech Talk
HitSFXGroup: 0
Mapper: YunoMaya
MD5Hash: 1d0b815e56b66c95ba3e4afea7b8ab68
NotePrebufferTime: 1000
TimeOffset: -75
Volume: 0.5
Difficulty:
- Overall: 41
  Chordjack: 47.415594863891606
  Handstream: 31.815002059936525
  Jack: 25.622995948791505
  Jumpstream: 29.1501033782959
  Stamina: 44.608811187744145
  Stream: 26.057694053649904
  Technical: 29.206803131103516
  Rate: 100
