Artist: Camellia
AssetId: rbxassetid://9512643033
CoverImageAssetId: ''
Description: ''
Filename: Crystallized
HitSFXGroup: 0
Mapper: A_scend
MD5Hash: 609611aa8b43549fd582ec454a7f17ab
NotePrebufferTime: 1000
TimeOffset: -75
Volume: 0.5
Difficulty:
- Overall: 36
  Chordjack: 25.7201940536499
  Handstream: 37.011597061157225
  Jack: 22.68899745941162
  Jumpstream: 36.478797912597656
  Stamina: 36.37444496154785
  Stream: 30.01680107116699
  Technical: 33.5718017578125
  Rate: 100
