Artist: Camellia
AssetId: rbxassetid://13158956276
CoverImageAssetId: ''
Description: ''
Filename: K.Y.A.F.A. (HEAVY)
HitSFXGroup: 0
Mapper: Evening
MD5Hash: 5cc70139fddd2aa6084fba99ccfeb302
NotePrebufferTime: 1000
TimeOffset: -75
Volume: 0.5
Difficulty:
- Overall: 55
  Chordjack: 39.182395935058594
  Handstream: 47.40659980773926
  Jack: 32.66729736328125
  Jumpstream: 48.618896484375
  Stamina: 48.570278549194335
  Stream: 40.86539840698242
  Technical: 44.59499931335449
  Rate: 100
