Artist: Kobaryo
AssetId: rbxassetid://10027935046
CoverImageAssetId: ''
Description: ''
Filename: SEITEN NO TERIYAKI NO DENSETSU
HitSFXGroup: 0
Mapper: wolfyou
MD5Hash: 36d44ae6d5fc5f83e3518f3e599d7601
NotePrebufferTime: 1000
TimeOffset: -70
Volume: 0.5
Difficulty:
- Overall: 45
  Chordjack: 43.21979942321777
  Handstream: 38.4308967590332
  Jack: 28.93769989013672
  Jumpstream: 39.995095825195314
  Stamina: 40.48077049255371
  Stream: 32.52690238952637
  Technical: 40.51709747314453
  Rate: 100
