Artist: litmus*
AssetId: rbxassetid://13155466754
CoverImageAssetId: ''
Description: ''
Filename: Flashdance
HitSFXGroup: 0
Mapper: TomisNotGood
MD5Hash: c4770f36fba2d2d0a8453dc74296de44
NotePrebufferTime: 1000
TimeOffset: -75
Volume: 0.5
Difficulty:
- Overall: 43
  Chordjack: 43.866001510620116
  Handstream: 31.386603927612306
  Jack: 25.308901977539062
  Jumpstream: 32.01300315856934
  Stamina: 38.547454833984375
  Stream: 26.299794960021973
  Technical: 31.645802307128907
  Rate: 100
