Artist: -RYO-
AssetId: rbxassetid://10043817375
CoverImageAssetId: rbxassetid://8359789775
Description: ''
Filename: Sky is the Limit
HitSFXGroup: 0
Mapper: Aeyeong
MD5Hash: 8dbbdd078aedb2bebbc3423df1a45b30
NotePrebufferTime: 1000
TimeOffset: -140
Volume: 0.5
Difficulty:
- Overall: 55
  Chordjack: 56.038492584228514
  Handstream: 36.8378963470459
  Jack: 32.09940032958985
  Jumpstream: 36.57959747314453
  Stamina: 52.58233108520508
  Stream: 30.155403900146485
  Technical: 35.29529914855957
  Rate: 100
