Artist: Various Artists
AssetId: rbxassetid://10719048829
CoverImageAssetId: ''
Description: ''
Filename: Deglingo MashUp (OTHER)
HitSFXGroup: 0
Mapper: Elementaires
MD5Hash: 8bcfe96bf0c02e5e29f52b36c5c4606c
NotePrebufferTime: 1000
TimeOffset: -75
Volume: 0.5
Difficulty:
- Overall: 41
  Chordjack: 34.577994918823244
  Handstream: 37.687493133544926
  Jack: 40.77000274658203
  Jumpstream: 38.480400466918944
  Stamina: 24.135841941833498
  Stream: 34.59959678649903
  Technical: 40.532399368286136
  Rate: 100
