Artist: Chroma
AssetId: rbxassetid://10080104011
CoverImageAssetId: ''
Description: ''
Filename: sink to the deep sea world
HitSFXGroup: 0
Mapper: LeiN-
MD5Hash: 627fbac205dddf6805061290442a6c05
NotePrebufferTime: 1000
TimeOffset: -40
Volume: 0.5
Difficulty:
- Overall: 36
  Chordjack: 28.65959644317627
  Handstream: 26.646295166015626
  Jack: 23.625896072387697
  Jumpstream: 41.064295578002934
  Stamina: 41.02323417663575
  Stream: 36.881996154785156
  Technical: 38.019599533081056
  Rate: 100
