Artist: Psychostick
AssetId: rbxassetid://10080113771
CoverImageAssetId: ''
Description: ''
Filename: I Hate Doing Laundry
HitSFXGroup: 0
MD5Hash: 59d4c3d78d50d76408a3dd1313d189be
NotePrebufferTime: 1000
TimeOffset: -70
Volume: 0.5
Difficulty:
- Overall: 35
  Chordjack: 34.6208553314209
  Handstream: 32.8464054107666
  Jack: 17.57773532867432
  Jumpstream: 30.3339900970459
  Stamina: 28.957708740234377
  Stream: 22.52106800079346
  Technical: 27.305236244201662
  Rate: 100
