Artist: Luschka
AssetId: rbxassetid://9327482054
CoverImageAssetId: rbxassetid://8357006346
Description: ''
Filename: Kami no Kotoba
HitSFXGroup: 0
Mapper: Nosteal
MD5Hash: 248bb5d5695e563e71e836e86e2d7f32
NotePrebufferTime: 1000
TimeOffset: -100
Volume: 0.5
Difficulty:
- Overall: 76
  Chordjack: 43.70489730834961
  Handstream: 37.243799972534184
  Jack: 36.731703186035155
  Jumpstream: 53.25749244689941
  Stamina: 59.42867431640625
  Stream: 65.36338577270509
  Technical: 58.30920181274414
  Rate: 100
