Artist: S3RL
AssetId: rbxassetid://13677506478
CoverImageAssetId: ''
Description: ''
Filename: Catchit (Radio Edit)
HitSFXGroup: 0
Mapper: Lumpita
MD5Hash: 4911a0372940997788df46b65e3a96c5
NotePrebufferTime: 1000
TimeOffset: -75
Volume: 0.5
Difficulty:
- Overall: 29
  Chordjack: 31.17060241699219
  Handstream: 22.53149642944336
  Jack: 18.588595962524415
  Jumpstream: 23.82389545440674
  Stamina: 29.18345375061035
  Stream: 19.872897720336915
  Technical: 23.419795989990234
  Rate: 100
