Artist: Tanger
AssetId: rbxassetid://13876320284
CoverImageAssetId: ''
Description: ''
Filename: Bike (NO AUDIO)
HitSFXGroup: 0
Mapper: zailscode123
MD5Hash: 74e88d6425f5d875879afdd702302135
NotePrebufferTime: 1000
TimeOffset: -75
Volume: 0.5
Difficulty:
- Overall: 76
  Chordjack: 71.39698791503906
  Handstream: 46.08359870910645
  Jack: 49.99859733581543
  Jumpstream: 48.02039566040039
  Stamina: 66.8152359008789
  Stream: 35.58509788513184
  Technical: 43.62839469909668
  Rate: 100
