Artist: Shiro Sagisu
AssetId: rbxassetid://4671272953
CoverImageAssetId: ''
Description: ''
Filename: Fly Me To The Moon (Aya Bossa Techno Remix)
HitSFXGroup: 0
Mapper: BaniiYanii
MD5Hash: 755068070759154e695a68c10013757f
NotePrebufferTime: 1000
TimeOffset: 1050
Volume: 0.5
Difficulty:
- Overall: 40
  Chordjack: 44.04419975280762
  Handstream: 36.430197143554686
  Jack: 21.42089710235596
  Jumpstream: 36.65339469909668
  Stamina: 43.653900146484375
  Stream: 29.294995880126955
  Technical: 31.171501922607423
  Rate: 100
