Artist: Silentroom
AssetId: rbxassetid://13642368755
CoverImageAssetId: ''
Description: ''
Filename: Nhelv
HitSFXGroup: 0
Mapper: SureFir3
MD5Hash: 6f639367ed28c8f2623e64b7011e3995
NotePrebufferTime: 1000
TimeOffset: -75
Volume: 0.5
Difficulty:
- Overall: 51
  Chordjack: 42.66269989013672
  Handstream: 47.23469467163086
  Jack: 32.67270126342773
  Jumpstream: 48.44249725341797
  Stamina: 46.7036979675293
  Stream: 46.99079818725586
  Technical: 51.097494506835936
  Rate: 100
