Artist: Camellia
AssetId: rbxassetid://10724381756
CoverImageAssetId: ''
Description: ''
Filename: Break The Silence
HitSFXGroup: 0
Mapper: Chrubble
MD5Hash: 2d7c58281c46f86a3122979eb0a1bd55
NotePrebufferTime: 1000
TimeOffset: -70
Volume: 0.5
Difficulty:
- Overall: 41
  Chordjack: 29.494802856445315
  Handstream: 28.94399642944336
  Jack: 25.774193572998048
  Jumpstream: 40.51439895629883
  Stamina: 40.47388687133789
  Stream: 34.85339813232422
  Technical: 38.380496978759766
  Rate: 100
