Artist: wa. remixed celas
AssetId: rbxassetid://10697999513
CoverImageAssetId: ''
Description: ''
Filename: Crystal World ~Fracture~ (LIGHT)
HitSFXGroup: 0
MD5Hash: 538045b377f9e946538e480b3f94b55e
NotePrebufferTime: 1000
TimeOffset: -70
Volume: 0.5
Difficulty:
- Overall: 24
  Chordjack: 21.040196800231936
  Handstream: 16.842597198486327
  Jack: 16.326900672912597
  Jumpstream: 32.724900054931645
  Stamina: 29.811521530151367
  Stream: 30.95639991760254
  Technical: 28.30319995880127
  Rate: 100
