Artist: Thaehan
AssetId: rbxassetid://10719074113
CoverImageAssetId: ''
Description: ''
Filename: Leprechaun (HEAVY)
HitSFXGroup: 0
MD5Hash: 2ab7a70c3b930f78ea71aa0de68a501c
NotePrebufferTime: 1000
TimeOffset: -90
Volume: 0.5
Difficulty:
- Overall: 20
  Chordjack: 15.543000411987306
  Handstream: 16.519497871398926
  Jack: 16.516797637939455
  Jumpstream: 25.015496635437014
  Stamina: 23.105564689636232
  Stream: 22.616997528076173
  Technical: 24.173095893859863
  Rate: 100
