Artist: uma
AssetId: rbxassetid://10698358055
CoverImageAssetId: ''
Description: ''
Filename: Masaka IN Nightmare! (LIGHT)
HitSFXGroup: 0
MD5Hash: 9aa80219dab12a86522d8e84508f3203
NotePrebufferTime: 1000
TimeOffset: -70
Volume: 0.5
Difficulty:
- Overall: 13
  Chordjack: 13.257899951934816
  Handstream: 16.33139820098877
  Jack: 12.062699890136718
  Jumpstream: 21.371395111083984
  Stamina: 20.104956436157227
  Stream: 17.743496704101563
  Technical: 20.587498283386232
  Rate: 100
