Artist: Kobaryo
AssetId: rbxassetid://10056131284
CoverImageAssetId: ''
Description: ''
Filename: Eternal Ending (aran Remix)
HitSFXGroup: 0
Mapper: 'tailsdk'
MD5Hash: 54612f6986fe49951d695b5904ea1dcb
NotePrebufferTime: 1000
TimeOffset: 1010
Volume: 0.5
Difficulty:
- Overall: 35
  Chordjack: 34.93439826965332
  Handstream: 26.63819274902344
  Jack: 27.641701126098635
  Jumpstream: 28.82429351806641
  Stamina: 33.642581176757815
  Stream: 24.524095344543458
  Technical: 27.83609561920166
  Rate: 100
