Artist: Nanahoshi Kangengakudan
AssetId: rbxassetid://13876314283
CoverImageAssetId: ''
Description: ''
Filename: With A Dance Number
HitSFXGroup: 0
Mapper: olivertruck
MD5Hash: 67c1977c6652c154f2937246645e2255
NotePrebufferTime: 1000
TimeOffset: -75
Volume: 0.5
Difficulty:
- Overall: 62
  Chordjack: 42.83909912109375
  Handstream: 59.0318962097168
  Jack: 35.304297637939456
  Jumpstream: 62.04419631958008
  Stamina: 61.98215789794922
  Stream: 53.609394836425786
  Technical: 56.55419082641602
  Rate: 100
