Artist: "やっす～"
AssetId: rbxassetid://10024760573
CoverImageAssetId: ""
Description: ""
Filename: before...
HitSFXGroup: 0
Mapper: Yasi
MD5Hash: 15d77abcebf42e311c551c74d553a9aa
NotePrebufferTime: 800
TimeOffset: -75
Volume: 0.5
Difficulty:
  - Overall: 38
    Chordjack: 38.34629859924316
    Handstream: 38.10149574279785
    Jack: 31.08420524597168
    Jumpstream: 37.64969673156738
    Stamina: 35.76058731079102
    Stream: 39.156296539306645
    Technical: 39.27149505615235
    Rate: 100

