Artist: Ark-Z
AssetId: rbxassetid://10080258012
CoverImageAssetId: ''
Description: ''
Filename: Chachamalqun
HitSFXGroup: 0
MD5Hash: 755546a427f36d3745612ec35238b2d1
NotePrebufferTime: 1000
TimeOffset: -70
Volume: 0.5
Difficulty:
- Overall: 34
  Chordjack: 24.468295097351074
  Handstream: 35.837100219726565
  Jack: 21.441596031188965
  Jumpstream: 35.095492172241215
  Stamina: 34.17993621826172
  Stream: 31.635900878906252
  Technical: 33.532199478149415
  Rate: 100
