Artist: YuuSaki
AssetId: rbxassetid://10698005806
CoverImageAssetId: ''
Description: ''
Filename: Ama de rasshu! (LIGHT)
HitSFXGroup: 0
MD5Hash: 27a8f3bb46b0ee3e907c01f31634fdbe
NotePrebufferTime: 1000
TimeOffset: -68
Volume: 0.5
Difficulty:
- Overall: 28
  Chordjack: 22.199395179748535
  Handstream: 24.03899574279785
  Jack: 16.755298805236816
  Jumpstream: 33.13619728088379
  Stamina: 31.871289825439455
  Stream: 30.08429832458496
  Technical: 31.581899642944336
  Rate: 100
