Artist: ExileLord
AssetId: rbxassetid://13025195371
CoverImageAssetId: ''
Description: ''
Filename: Obsidian
HitSFXGroup: 0
Mapper: TingMomentum
MD5Hash: feefd5db7de8da921afb65629874680b
NotePrebufferTime: 1000
TimeOffset: -75
Volume: 0.5
Difficulty:
- Overall: 59
  Chordjack: 39.438899230957034
  Handstream: 44.78399505615234
  Jack: 39.47400054931641
  Jumpstream: 56.96639442443848
  Stamina: 54.436146926879886
  Stream: 59.541297912597656
  Technical: 56.73689346313477
  Rate: 100
