Artist: F-777
AssetId: rbxassetid://13876759355
CoverImageAssetId: ''
Description: ''
Filename: Wander of Thought (LIGHT)
HitSFXGroup: 0
Mapper: Destroyer5796
MD5Hash: f07f6a7a8f22500b2121bdb55fbe2b73
NotePrebufferTime: 1000
TimeOffset: -75
Volume: 0.5
Difficulty:
- Overall: 33
  Chordjack: 21.208497047424316
  Handstream: 35.48429832458496
  Jack: 19.99529914855957
  Jumpstream: 33.16860008239746
  Stamina: 32.32302017211914
  Stream: 29.088003158569336
  Technical: 33.629401016235356
  Rate: 100
