Artist: xi
AssetId: rbxassetid://105901295351619
CoverImageAssetId: ''
Description: ''
Filename: Glorious Crown (tpz over-Over-OVERCUTE REMIX)
HitSFXGroup: 0
Mapper: Pizza kun
MD5Hash: cc6522d62a8adf75a368c1bdaf150e44
NotePrebufferTime: 1000
TimeOffset: -70
Volume: 0.5
Difficulty:
- Overall: 42
  Chordjack: 28.123194122314455
  Handstream: 28.25189380645752
  Jack: 25.568102073669433
  Jumpstream: 40.691697692871095
  Stamina: 35.566534423828124
  Stream: 39.498297500610356
  Technical: 40.23540115356445
  Rate: 100
