AssetId: rbxassetid://13155755443
CoverImageAssetId: ''
Description: ''
Filename: Indigo Star
HitSFXGroup: 0
Mapper: '[Crz]Leaves_'
MD5Hash: cbe4332bb476e9797a7dd7f60e52c7e3
NotePrebufferTime: 1000
TimeOffset: -75
Volume: 0.5
Difficulty:
- Overall: 52
  Chordjack: 54.14039497375489
  Handstream: 34.75889511108399
  Jack: 35.08740005493164
  Jumpstream: 34.755297088623045
  Stamina: 53.744300079345706
  Stream: 29.537100219726565
  Technical: 34.34039840698242
  Rate: 100
