Artist: Machico
AssetId: rbxassetid://10719165689
CoverImageAssetId: ''
Description: ''
Filename: fantastic dreamer (HEAVY)
HitSFXGroup: 0
MD5Hash: c35f39a2fedbd14e5e4f65c146747c55
NotePrebufferTime: 1000
TimeOffset: -75
Volume: 0.5
Difficulty:
- Overall: 17
  Chordjack: 12.815101146697998
  Handstream: 12.739500617980957
  Jack: 10.664099979400635
  Jumpstream: 21.541497802734376
  Stamina: 20.319898796081542
  Stream: 18.105298805236817
  Technical: 19.06559658050537
  Rate: 100
