Artist: Kobaryo
AssetId: rbxassetid://10049435232
CoverImageAssetId: ''
Description: ''
Filename: Dotabata Animation [feat. t+pazolite] (EXTRA)
HitSFXGroup: 0
MD5Hash: 9446944d2f6b50ea3ad8f244bcc7fb10
NotePrebufferTime: 1000
TimeOffset: -70
Volume: 0.5
Difficulty:
- Overall: 42
  Chordjack: 32.4
  Handstream: 32.9156982421875
  Jack: 24.142497253417968
  Jumpstream: 35.60219879150391
  Stamina: 32.582984161376956
  Stream: 27.83609561920166
  Technical: 35.355600357055664
  Rate: 100
