Artist: Afterglow
AssetId: rbxassetid://9513103988
CoverImageAssetId: rbxassetid://5910440859
Description: Made by BaniiYanii
Filename: COMIC PANIC!!!
HitSFXGroup: 0
Mapper: BaniiYanii
MD5Hash: ce8a1e0089833d3abfb81edb838c59a5
NotePrebufferTime: 1000
TimeOffset: 1530
Volume: 0.5
Difficulty:
- Overall: 45
  Chordjack: 34.204497528076175
  Handstream: 39.39749794006348
  Jack: 27.80639476776123
  Jumpstream: 38.65500068664551
  Stamina: 38.92440948486328
  Stream: 41.21909980773926
  Technical: 44.19269714355469
  Rate: 100
