Artist: Cory Williams
AssetId: rbxassetid://100422322675925
CoverImageAssetId: ''
Description: ''
Filename: The Mean Kitty Song
HitSFXGroup: 0
MD5Hash: 55e3274f8da56dba06c01f29c200bcd4
NotePrebufferTime: 1000
TimeOffset: -75
Volume: 0.8
Difficulty:
- Overall: 34
  Chordjack: 38.710797500610354
  Handstream: 25.274693298339844
  Jack: 23.509798049926758
  Jumpstream: 28.302295303344728
  Stamina: 37.80334739685059
  Stream: 22.70609493255615
  Technical: 27.1331937789917
  Rate: 100
