Artist: DJ Sharpnel
AssetId: rbxassetid://5202477022
CoverImageAssetId: ''
Description: ''
Filename: CO.CO.RO
HitSFXGroup: 0
Mapper: YunoMaya
MD5Hash: 21fea2314e56b8e2ed7669e5f9fe04bc
NotePrebufferTime: 1000
TimeOffset: -75
Volume: 0.5
Difficulty:
- Overall: 37
  Chordjack: 26.271894836425783
  Handstream: 25.54559383392334
  Jack: 20.618096923828126
  Jumpstream: 39.89519920349121
  Stamina: 39.8553050994873
  Stream: 36.283495330810545
  Technical: 34.5878963470459
  Rate: 100
