Artist: Ryuno
AssetId: rbxassetid://74670158989903
CoverImageAssetId: ''
Description: ''
Filename: love hurts. [lonely dance mix]
HitSFXGroup: 0
Mapper: Monheim
MD5Hash: bb8380fe5edc8ccaa271b5a25527f3ad
NotePrebufferTime: 1000
TimeOffset: -85
Volume: 0.5
Difficulty:
- Overall: 38
  Chordjack: 26.846095275878906
  Handstream: 22.398295783996584
  Jack: 24.27209815979004
  Jumpstream: 37.49940032958985
  Stamina: 36.265275192260745
  Stream: 39.41639785766602
  Technical: 38.04659843444824
  Rate: 100
