Artist: Rainbowdragoneyes
AssetId: rbxassetid://10727746099
CoverImageAssetId: ''
Description: ''
Filename: Chipwrecked (Speed up ver.)
HitSFXGroup: 0
Mapper: hi19hi19
MD5Hash: 495e4e2bc4341d72d2011f7d05e3e4d3
NotePrebufferTime: 1000
TimeOffset: -70
Volume: 0.5
Difficulty:
- Overall: 40
  Chordjack: 28.580398750305175
  Handstream: 28.042193984985353
  Jack: 24.206396484375002
  Jumpstream: 37.316694259643555
  Stamina: 38.87161331176758
  Stream: 43.86689758300781
  Technical: 41.62500343322754
  Rate: 100
