Artist: Kobaryo ft. t+pazolite
AssetId: rbxassetid://2056417339
CoverImageAssetId: ''
Description: ''
Filename: Yura-Yura Sweet Genocide
HitSFXGroup: 0
MD5Hash: 8a79c04884d9899a375687c14167cdbb
NotePrebufferTime: 1000
TimeOffset: -70
Volume: 0.5
Difficulty:
- Overall: 49
  Chordjack: 37.21769714355469
  Handstream: 33.75989799499512
  Jack: 34.48169631958008
  Jumpstream: 56.10509376525879
  Stamina: 52.45393524169922
  Stream: 47.11409568786621
  Technical: 49.11839332580566
  Rate: 100
