Artist: Retropolitaliens(Ms.+Dadaco)
AssetId: rbxassetid://8426440515
CoverImageAssetId: ''
Description: ''
Filename: Music Player
HitSFXGroup: 0
Mapper: A_scend
MD5Hash: 05cf9caa65f56a099c6a6e2edb7e8510
NotePrebufferTime: 1000
TimeOffset: -75
Volume: 0.5
Difficulty:
- Overall: 46
  Chordjack: 30.65669975280762
  Handstream: 32.93549766540527
  Jack: 27.721794891357423
  Jumpstream: 42.68339881896973
  Stamina: 42.13289794921875
  Stream: 46.2401985168457
  Technical: 44.52300109863281
  Rate: 100
