Artist: LeaF
AssetId: rbxassetid://318890513
CoverImageAssetId: ''
Description: ''
Filename: MEPHISTO (LN)
HitSFXGroup: 0
Mapper: 'arcwinolivirus'
MD5Hash: 1f64303f9c01a2cb73b7d21be90cc09e
NotePrebufferTime: 1000
TimeOffset: 1390
Volume: 0.5
Difficulty:
- Overall: 0
  Chordjack: 26.677795028686525
  Handstream: 37.31399917602539
  Jack: 22.374896621704103
  Jumpstream: 38.429094314575195
  Stamina: 37.57023124694825
  Stream: 31.82039909362793
  Technical: 35.072997665405275
  Rate: 100
