Artist: DJ S3RL
AssetId: rbxassetid://1097842314
CoverImageAssetId: ''
Description: ''
Filename: Pika Girl
HitSFXGroup: 0
MD5Hash: 2c2aa5fadc5758a4f33a9f1bf171f910
NotePrebufferTime: 950
TimeOffset: 1865
Volume: 0.5
Difficulty:
- Overall: 26
  Chordjack: 19.144795989990236
  Handstream: 25.61399574279785
  Jack: 13.522501373291016
  Jumpstream: 22.808696937561034
  Stamina: 25.120941352844238
  Stream: 20.58479633331299
  Technical: 23.94719467163086
  Rate: 100
