Artist: Xtrullor & Panda Party
AssetId: rbxassetid://10719062579
CoverImageAssetId: ''
Description: ''
Filename: Sheol (HEAVY)
HitSFXGroup: 0
Mapper: honrik567
MD5Hash: f60f28d13ecdcdac322eb4050a3d135c
NotePrebufferTime: 1000
TimeOffset: -62
Volume: 0.5
Difficulty:
- Overall: 40
  Chordjack: 27.284393119812012
  Handstream: 29.169003295898438
  Jack: 26.604902458190917
  Jumpstream: 34.676095962524414
  Stamina: 34.01089096069336
  Stream: 34.578897857666014
  Technical: 40.0346981048584
  Rate: 100
