Artist: O2i3
AssetId: rbxassetid://10724397317
CoverImageAssetId: ''
Description: ''
Filename: Ooi [Game Edit]
HitSFXGroup: 0
Mapper: LeiN-
MD5Hash: 2c2959f86a2830458ed54abe730c49f9
NotePrebufferTime: 1000
TimeOffset: -75
Volume: 0.5
Difficulty:
- Overall: 35
  Chordjack: 29.50740623474121
  Handstream: 33.02909774780274
  Jack: 25.70309658050537
  Jumpstream: 34.66079750061035
  Stamina: 33.075391387939455
  Stream: 27.13679351806641
  Technical: 33.17399711608887
  Rate: 100
