Artist: Triodust
AssetId: rbxassetid://6834963034
CoverImageAssetId: ''
Description: ''
Filename: M.R.
HitSFXGroup: 0
Mapper: Nosteal
MD5Hash: 4741d705191a25836535d3f7891fd6c5
NotePrebufferTime: 1000
TimeOffset: -75
Volume: 0.5
Difficulty:
- Overall: 40
  Chordjack: 35.80469741821289
  Handstream: 39.096901702880864
  Jack: 24.50519371032715
  Jumpstream: 37.74599533081055
  Stamina: 36.945940017700195
  Stream: 32.589898681640626
  Technical: 37.73520126342773
  Rate: 100
