Artist: katagiri
AssetId: rbxassetid://12985115466
CoverImageAssetId: ''
Description: ''
Filename: Sendan Life (katagiri Bootleg)
HitSFXGroup: 0
Mapper: aewyuii
MD5Hash: 98650fa48db87addd560e17b87cd16f8
NotePrebufferTime: 1000
TimeOffset: -75
Volume: 0.5
Difficulty:
- Overall: 48
  Chordjack: 44.1971981048584
  Handstream: 49.31009788513184
  Jack: 29.542504119873048
  Jumpstream: 44.30609664916992
  Stamina: 49.26078987121582
  Stream: 41.43690032958985
  Technical: 45.98010063171387
  Rate: 100
