Artist: Kopophobia & Ajataa
AssetId: rbxassetid://10049012285
CoverImageAssetId: ''
Description: ''
Filename: Starfall
HitSFXGroup: 0
Mapper: riktoi
MD5Hash: fbf15fec1299390001627c5537a9b652
NotePrebufferTime: 1000
TimeOffset: -70
Volume: 0.5
Difficulty:
- Overall: 47
  Chordjack: 33.580800247192386
  Handstream: 38.093400192260745
  Jack: 28.030500411987305
  Jumpstream: 51.05879516601563
  Stamina: 51.00773963928223
  Stream: 45.662396621704104
  Technical: 45.60839538574219
  Rate: 100
