Artist: Camellia feat. Nanahira
AssetId: rbxassetid://13734159612
CoverImageAssetId: ''
Description: ''
Filename: finorza
HitSFXGroup: 0
Mapper: Leinadix
MD5Hash: e88676e71bbe444b97635bea4de0e9dd
NotePrebufferTime: 1000
TimeOffset: -75
Volume: 0.5
Difficulty:
- Overall: 46
  Chordjack: 35.31959609985352
  Handstream: 45.98369522094727
  Jack: 30.592800521850588
  Jumpstream: 43.087496566772465
  Stamina: 45.9377140045166
  Stream: 35.792094039917
  Technical: 43.45289840698242
  Rate: 100
