Artist: USAO
AssetId: rbxassetid://10037975598
CoverImageAssetId: ''
Description: ''
Filename: BroGamer (HEAVY)
HitSFXGroup: 0
MD5Hash: e856b93b2958a2d1c4be3275b4a2f267
NotePrebufferTime: 1000
TimeOffset: -70
Volume: 0.5
Difficulty:
- Overall: 28
  Chordjack: 27.56159534454346
  Handstream: 31.995898818969728
  Jack: 18.699298667907716
  Jumpstream: 31.460401153564455
  Stamina: 30.315539932250978
  Stream: 27.6785945892334
  Technical: 32.98499794006348
  Rate: 100
