Artist: Aiobahn feat. KOTOKO
AssetId: rbxassetid://13867168740
CoverImageAssetId: ''
Description: ''
Filename: INTERNET YAMERO
HitSFXGroup: 0
Mapper: shenglinnn
MD5Hash: f65700c028ea443a916a2b6a516a82fc
NotePrebufferTime: 1000
TimeOffset: -75
Volume: 0.5
Difficulty:
- Overall: 30
  Chordjack: 28.88639717102051
  Handstream: 25.24409465789795
  Jack: 23.29559555053711
  Jumpstream: 32.60700302124024
  Stamina: 28.86284866333008
  Stream: 32.0129997253418
  Technical: 31.997701263427736
  Rate: 100
