Artist: T.O.P
AssetId: rbxassetid://1594180022
CoverImageAssetId: ''
Description: ''
Filename: Heathens (CG5 mix)
HitSFXGroup: 0
MD5Hash: 1b0b05318b128a8f0dbaeca8e51fdfa8
NotePrebufferTime: 1000
TimeOffset: -70
Volume: 0.5
Difficulty:
- Overall: 27
  Chordjack: 21.54599704742432
  Handstream: 27.185392570495605
  Jack: 19.853098297119143
  Jumpstream: 32.19029846191406
  Stamina: 27.842524337768555
  Stream: 30.96090087890625
  Technical: 31.68900260925293
  Rate: 100
