Artist: Remo-con
AssetId: rbxassetid://13867175645
CoverImageAssetId: ''
Description: ''
Filename: Matt Silver
HitSFXGroup: 0
Mapper: yeahitsryan
MD5Hash: 4a7e34fd5910f0a9146bd9f2ce7327ca
NotePrebufferTime: 1000
TimeOffset: -75
Volume: 0.5
Difficulty:
- Overall: 43
  Chordjack: 45.77399711608887
  Handstream: 37.62089881896973
  Jack: 25.785895729064944
  Jumpstream: 37.78649711608887
  Stamina: 43.0093734741211
  Stream: 26.921693229675295
  Technical: 33.336900329589845
  Rate: 100
