Artist: Hypernite Industries
AssetId: rbxassetid://10036612155
CoverImageAssetId: ''
Description: ''
Filename: Speedcore 300 (HEAVY)
HitSFXGroup: 0
Mapper: nowsmart
MD5Hash: 2d3cd1f76ee8612455e32852a3638687
NotePrebufferTime: 1000
TimeOffset: -165
Volume: 0.5
Difficulty:
- Overall: 31
  Chordjack: 23.551194190979004
  Handstream: 23.173195838928223
  Jack: 20.751299285888674
  Jumpstream: 34.799400329589844
  Stamina: 31.32507362365723
  Stream: 32.2064998626709
  Technical: 34.54919700622559
  Rate: 100
