Artist: Kobaryo
AssetId: rbxassetid://10024512970
CoverImageAssetId: ''
Description: ''
Filename: Kick To The Sky (SECRET)
HitSFXGroup: 0
Mapper: KH_Supernova
MD5Hash: f221ea5122684043ac4eb6b7b5be84c1
NotePrebufferTime: 1000
TimeOffset: -70
Volume: 0.5
Difficulty:
- Overall: 0
  Chordjack: 49.46129722595215
  Handstream: 41.316297912597655
  Jack: 40.4028018951416
  Jumpstream: 53.54639167785645
  Stamina: 49.00264549255371
  Stream: 48.92849807739258
  Technical: 53.68679351806641
  Rate: 100
