Artist: blizzo
AssetId: rbxassetid://6165843325
CoverImageAssetId: ''
Description: ''
Filename: MOST FIRE TRACK LEGIT 2020
HitSFXGroup: 0
Mapper: blizzo
MD5Hash: 601da131dc6691cf2f48b7c630746255
NotePrebufferTime: 1000
TimeOffset: -70
Volume: 0.5
Difficulty:
- Overall: 0
  Chordjack: 45.73397598266602
  Handstream: 30.710028076171877
  Jack: 41.26197052001953
  Jumpstream: 31.706707763671876
  Stamina: 40.086907196044926
  Stream: 33.422109603881836
  Technical: 41.12077217102051
  Rate: 100
