Artist: Jessica Jay
AssetId: rbxassetid://10046661343
CoverImageAssetId: ''
Description: ''
Filename: Can't Take My Eyes Off You (HEAVY)
HitSFXGroup: 0
Mapper: Golgo13
MD5Hash: 78790be8a4799820bc56a3047db72815
NotePrebufferTime: 1000
TimeOffset: -70
Volume: 0.5
Difficulty:
- Overall: 40
  Chordjack: 39.491997528076176
  Handstream: 40.42709541320801
  Jack: 24.74099636077881
  Jumpstream: 40.0526985168457
  Stamina: 38.927839279174805
  Stream: 30.403801345825197
  Technical: 38.52989730834961
  Rate: 100
