Artist: Buckethead
AssetId: rbxassetid://10698299333
CoverImageAssetId: --FILL IN COVERART ASSETID HERE--
Description: ''
Filename: Jordan
HitSFXGroup: 0
MD5Hash: 2bc2213050f1441f9171ca9e3bc124db
NotePrebufferTime: 900
TimeOffset: -75
Volume: 0.5
Difficulty:
- Overall: 28
  Chordjack: 22.63769645690918
  Handstream: 18.65609664916992
  Jack: 25.39079818725586
  Jumpstream: 23.046296882629395
  Stamina: 29.223069763183595
  Stream: 31.72320098876953
  Technical: 33.16049766540527
  Rate: 100
