Artist: Virt
AssetId: rbxassetid://10080191958
CoverImageAssetId: ''
Description: ''
Filename: Send My Love to Mars
HitSFXGroup: 0
Mapper: IcyWorld
MD5Hash: 3b356a862dc5fc28b8d8f34aed5a1517
NotePrebufferTime: 1000
TimeOffset: 0
Volume: 0.5
Difficulty:
- Overall: 35
  Chordjack: 25.406094932556154
  Handstream: 23.206494712829592
  Jack: 19.08809795379639
  Jumpstream: 39.71159706115723
  Stamina: 39.83601722717285
  Stream: 39.93839950561524
  Technical: 37.17359733581543
  Rate: 100
