Artist: Frums
AssetId: rbxassetid://10023677869
CoverImageAssetId: rbxassetid://8351800317
Description: ''
Filename: Pictured as Perfect
HitSFXGroup: 0
Mapper: A_scend
MD5Hash: 2a9aaec00e31d1b9ab6a3678b90d108c
NotePrebufferTime: 1000
TimeOffset: -75
Volume: 0.5
Difficulty:
- Overall: 43
  Chordjack: 32.719496154785155
  Handstream: 34.64909706115723
  Jack: 28.42379722595215
  Jumpstream: 38.93759651184082
  Stamina: 37.185860824584964
  Stream: 39.01949615478516
  Technical: 40.43159980773926
  Rate: 100
