Artist: fhana
AssetId: rbxassetid://1903875593
CoverImageAssetId: ''
Description: ''
Filename: Aozora no Rhapsody (LN)
HitSFXGroup: 0
MD5Hash: 6c1124421625ac672ae650bf80ddaf2c
NotePrebufferTime: 1000
TimeOffset: -74
Volume: 0.5
Difficulty:
- Overall: 0
  Chordjack: 21.023097610473634
  Handstream: 23.85809555053711
  Jack: 18.7262975692749
  Jumpstream: 29.726102828979492
  Stamina: 27.88832187652588
  Stream: 23.14079647064209
  Technical: 26.38439483642578
  Rate: 100
