Artist: Unlucky Morpheus
AssetId: rbxassetid://9512601479
CoverImageAssetId: rbxassetid://8357242917
Description: ''
Filename: Sono Tamashii ni Yasuragi wo ~ Dignity of Spirit (Speed Up Ver.)
HitSFXGroup: 0
Mapper: A_scend
MD5Hash: 009d3c4b5581fa5bd8913ae392794302
NotePrebufferTime: 1000
TimeOffset: -75
Volume: 0.5
Difficulty:
- Overall: 44
  Chordjack: 31.390201950073244
  Handstream: 45.78929557800293
  Jack: 26.308795166015624
  Jumpstream: 45.69389305114746
  Stamina: 45.64820022583008
  Stream: 38.954693984985354
  Technical: 41.706896209716795
  Rate: 100
