Artist: Zekk
AssetId: rbxassetid://10070245532
CoverImageAssetId: ''
Description: ''
Filename: Swampgator (EXTRA)
HitSFXGroup: 0
MD5Hash: 57bcce3e378929fc31c54fb849e487b4
NotePrebufferTime: 1000
TimeOffset: -42
Volume: 0.5
Difficulty:
- Overall: 37
  Chordjack: 35.554494094848636
  Handstream: 30.628801345825195
  Jack: 29.33280258178711
  Jumpstream: 33.65279846191407
  Stamina: 35.419358825683595
  Stream: 26.130595207214355
  Technical: 32.51429901123047
  Rate: 100
