Artist: The Quick Brown Fox
AssetId: rbxassetid://10026867186
CoverImageAssetId: ''
Description: ''
Filename: Burning Brain
HitSFXGroup: 0
Mapper: DannyPX
MD5Hash: ffc0afb088adf59d0df7f5ab73fef3e3
NotePrebufferTime: 1000
TimeOffset: -75
Volume: 0.5
Difficulty:
- Overall: 74
  Chordjack: 46.096198654174806
  Handstream: 49.85279502868652
  Jack: 44.35199890136719
  Jumpstream: 43.01099739074707
  Stamina: 64.65430068969727
  Stream: 70.42319412231446
  Technical: 65.86559143066407
  Rate: 100
