Artist: Mafumafu
AssetId: rbxassetid://10698115080
CoverImageAssetId: ''
Description: ''
Filename: Super Nuko Ni Narenkatta (LIGHT)
HitSFXGroup: 0
MD5Hash: 1ca46c35afd8073f8ee5b52bfa96e442
NotePrebufferTime: 1000
TimeOffset: -70
Volume: 0.5
Difficulty:
- Overall: 21
  Chordjack: 16.268398475646972
  Handstream: 15.967798805236816
  Jack: 15.434999656677247
  Jumpstream: 26.162095069885254
  Stamina: 23.91335678100586
  Stream: 27.034194946289062
  Technical: 25.519496154785156
  Rate: 100
