Artist: xi
AssetId: rbxassetid://10043823837
CoverImageAssetId: rbxassetid://6673442077
Description: ''
Filename: Freedom Dive
HitSFXGroup: 0
Mapper: Fullerene-
MD5Hash: 14bf2fefd0231ecf6cfc1d059fb042d1
NotePrebufferTime: 1000
TimeOffset: -190
Volume: 0.5
Difficulty:
- Overall: 45
  Chordjack: 33.87689895629883
  Handstream: 48.96719398498535
  Jack: 30.865498352050782
  Jumpstream: 48.90599670410156
  Stamina: 48.918229293823245
  Stream: 42.170395660400395
  Technical: 44.183698654174805
  Rate: 100
