Artist: Memme
AssetId: rbxassetid://10046467689
CoverImageAssetId: ''
Description: ''
Filename: Avalanche (LIGHT)
HitSFXGroup: 0
Mapper: pierceisdyinglol
MD5Hash: b171010abcb4be3b2de784818a439870
NotePrebufferTime: 1000
TimeOffset: -75
Volume: 0.5
Difficulty:
- Overall: 20
  Chordjack: 15.079500961303712
  Handstream: 13.859101009368898
  Jack: 17.66249828338623
  Jumpstream: 24.485394287109376
  Stamina: 23.52396011352539
  Stream: 27.054893875122072
  Technical: 27.21599464416504
  Rate: 100
