Artist: Silentroom
AssetId: rbxassetid://10049380366
CoverImageAssetId: ''
Description: ''
Filename: Finixe
HitSFXGroup: 0
Mapper: Shuniki
MD5Hash: 7e41dc2bee3704d770aefc4e9c01daea
NotePrebufferTime: 1000
TimeOffset: -120
Volume: 0.5
Difficulty:
- Overall: 41
  Chordjack: 32.95889854431152
  Handstream: 43.54469947814942
  Jack: 27.862200164794924
  Jumpstream: 44.81909294128418
  Stamina: 43.0039867401123
  Stream: 39.06269645690918
  Technical: 41.603401565551756
  Rate: 100
