Artist: Camellia
AssetId: rbxassetid://10027188116
CoverImageAssetId: ''
Description: ''
Filename: Chirality (HEAVY)
HitSFXGroup: 0
MD5Hash: c2597ca5bff07e1b8886ddabaa01bb0f
NotePrebufferTime: 1000
TimeOffset: -165
Volume: 0.5
Difficulty:
- Overall: 30
  Chordjack: 21.815096855163574
  Handstream: 27.629993820190432
  Jack: 19.72979736328125
  Jumpstream: 31.082402801513673
  Stamina: 28.44017543792725
  Stream: 27.601194190979005
  Technical: 31.672801208496093
  Rate: 100
