Artist: Hizumi Rei feat.Meika Mikoto
AssetId: rbxassetid://12994254669
CoverImageAssetId: ''
Description: ''
Filename: Eva (Under Construction Remix)
HitSFXGroup: 0
Mapper: aewyuii
MD5Hash: 67698126cbbfa0d6a7a962f7009d6444
NotePrebufferTime: 1000
TimeOffset: -75
Volume: 0.5
Difficulty:
- Overall: 46
  Chordjack: 42.01739730834961
  Handstream: 42.95519714355469
  Jack: 34.424996566772464
  Jumpstream: 44.90009651184082
  Stamina: 44.82373123168946
  Stream: 38.379597473144536
  Technical: 44.86859664916992
  Rate: 100
