Artist: Nanahoshi Kangengakudan
AssetId: rbxassetid://10025075177
CoverImageAssetId: ''
Description: ''
Filename: Meikaruza
HitSFXGroup: 0
Mapper: Evening
MD5Hash: 32333425eed255295afa51cdaf8123f6
NotePrebufferTime: 1000
TimeOffset: -70
Volume: 0.5
Difficulty:
- Overall: 45
  Chordjack: 37.763096237182616
  Handstream: 35.57879447937012
  Jack: 26.450094795227052
  Jumpstream: 39.04469947814942
  Stamina: 39.0056568145752
  Stream: 32.5098014831543
  Technical: 38.766597747802734
  Rate: 100
