Artist: Scognito
AssetId: rbxassetid://2056479668
CoverImageAssetId: ''
Description: ''
Filename: Spelunker (Troll Jack)
HitSFXGroup: 0
Mapper: ArcadeSona
MD5Hash: 69e8771a1ea55307a4d3c1680ddcabb7
NotePrebufferTime: 1000
TimeOffset: -70
Volume: 0.5
Difficulty:
- Overall: 0
  Chordjack: 40.416751098632815
  Handstream: 27.577721214294435
  Jack: 30.43129119873047
  Jumpstream: 28.441722106933593
  Stamina: 35.351473617553715
  Stream: 23.83970718383789
  Technical: 29.96455078125
  Rate: 100
