Artist: DJ Sharpnel
AssetId: rbxassetid://13158969087
CoverImageAssetId: ''
Description: ''
Filename: We Luv Lama (LIGHT)
HitSFXGroup: 0
MD5Hash: 0731d0ef67efe1892ffd09932f8c5f2f
NotePrebufferTime: 1000
TimeOffset: -70
Volume: 0.5
Difficulty:
- Overall: 34
  Chordjack: 26.22239456176758
  Handstream: 24.771595001220703
  Jack: 23.877894973754884
  Jumpstream: 43.227898406982426
  Stamina: 43.18467407226563
  Stream: 39.55499382019043
  Technical: 37.55879859924317
  Rate: 100
