Artist: antiPLUR
AssetId: rbxassetid://10024747431
CoverImageAssetId: ''
Description: ''
Filename: Speed of Link (LIGHT)
HitSFXGroup: 0
Mapper: ArcadeSona
MD5Hash: a57d0a99393a3a3b6bf8c1ff13fdafe1
NotePrebufferTime: 1000
TimeOffset: -60
Volume: 0.5
Difficulty:
- Overall: 36
  Chordjack: 27.07559452056885
  Handstream: 22.621496772766115
  Jack: 21.35339641571045
  Jumpstream: 29.544303131103515
  Stamina: 37.790472793579106
  Stream: 40.08959541320801
  Technical: 38.20139923095703
  Rate: 100
