Artist: xi
AssetId: rbxassetid://10046397975
CoverImageAssetId: --FILL IN COVERART ASSETID HERE--
Description: ''
Filename: Anima
HitSFXGroup: 0
Mapper: Windoze
MD5Hash: 2009cafdd4fde7342657a727737e5718
NotePrebufferTime: 940
TimeOffset: -142
Volume: 0.5
Difficulty:
- Overall: 34
  Chordjack: 26.211595344543458
  Handstream: 34.96949272155762
  Jack: 21.70169734954834
  Jumpstream: 39.18329887390137
  Stamina: 37.594071578979495
  Stream: 36.112496566772464
  Technical: 36.044999313354495
  Rate: 100
