Artist: Various Artists
AssetId: rbxassetid://0
CoverImageAssetId: ''
Description: ''
Filename: FNF Zeta Dan
HitSFXGroup: 0
Mapper: AzoNOof
MD5Hash: 9c5e0474114031485f3357d6007c62c3
NotePrebufferTime: 1000
TimeOffset: -75
Volume: 0.5
Difficulty:
- Overall: 0
  Chordjack: 48.61079406738281
  Handstream: 38.28059692382813
  Jack: 53.31239318847656
  Jumpstream: 43.699496841430665
  Stamina: 61.08958740234375
  Stream: 58.98059005737305
  Technical: 63.123294067382815
  Rate: 100
