Artist: DJ YOSHITAKA meets dj TAKA
AssetId: rbxassetid://10064724130
CoverImageAssetId: ''
Description: ''
Filename: Triple Counter
HitSFXGroup: 0
Mapper: Leo137
MD5Hash: bc777939674dd399610f78d27403d19d
NotePrebufferTime: 1000
TimeOffset: -70
Volume: 0.5
Difficulty:
- Overall: 40
  Chordjack: 29.960101318359374
  Handstream: 41.993096923828126
  Jack: 27.207893943786623
  Jumpstream: 44.6003963470459
  Stamina: 42.98429374694825
  Stream: 37.82699546813965
  Technical: 38.74050178527832
  Rate: 100
