Artist: xi
AssetId: rbxassetid://1931257268
CoverImageAssetId: ''
Description: ''
Filename: Freedom Dive (short) (HEAVY)
HitSFXGroup: 0
Mapper: ArcadeSona
MD5Hash: c29782c5e2ec2b83735466757f96835a
NotePrebufferTime: 1000
TimeOffset: 0
Volume: 0.5
Difficulty:
- Overall: 37
  Chordjack: 33.330600357055665
  Handstream: 35.75069618225098
  Jack: 23.55029811859131
  Jumpstream: 41.17229804992676
  Stamina: 40.761656570434575
  Stream: 35.738995742797854
  Technical: 36.71459884643555
  Rate: 100
