Artist: rei sirose
AssetId: rbxassetid://138675730300
CoverImageAssetId: ''
Description: ''
Filename: Lost Umbrella (Cut Ver.)(EXTRA II)
HitSFXGroup: 0
Mapper: Monheim
MD5Hash: 950fd4f7c4df9dd24736d659be1bda5f
NotePrebufferTime: 1000
TimeOffset: -75
Volume: 0.5
Difficulty:
- Overall: 31
  Chordjack: 30.216601181030274
  Handstream: 35.97209815979004
  Jack: 22.625997734069824
  Jumpstream: 32.42790184020996
  Stamina: 32.88779296875
  Stream: 25.288194465637208
  Technical: 32.84999656677246
  Rate: 100
