Artist: Kenichiro Fukui
AssetId: rbxassetid://97389884043377
CoverImageAssetId: ''
Description: ''
Filename: Badlands (LIGHT)
HitSFXGroup: 0
MD5Hash: 4822ef20f2fa107c7eb49edd9c422478
NotePrebufferTime: 1000
TimeOffset: -280
Volume: 0.5
Difficulty:
- Overall: 20
  Chordjack: 15.383702087402344
  Handstream: 14.306400775909424
  Jack: 13.84290132522583
  Jumpstream: 23.322596168518068
  Stamina: 24.497480964660646
  Stream: 26.266496086120608
  Technical: 26.38439483642578
  Rate: 100
