Artist: Various Artists
CoverImageAssetId: ''
Description: ''
Filename: Dan ~ REFORM ~ StaminaMap Pack Hitsugi to Futago
HitSFXGroup: 0
Mapper: DDMythical
MD5Hash: 490ebd94238d765f219a584cd18efef7
NotePrebufferTime: 1000
TimeOffset: -75
Volume: 0.5
Difficulty:
- Overall: 80
  Chordjack: 44.78039703369141
  Handstream: 60.346794891357426
  Jack: 35.158502197265626
  Jumpstream: 63.448194122314455
  Stamina: 60.74546813964844
  Stream: 56.197794342041014
  Technical: 57.01949615478516
  Rate: 100
