Artist: 'Galneryus '
AssetId: rbxassetid://10049490737
CoverImageAssetId: ''
Description: ''
Filename: Destiny
HitSFXGroup: 0
MD5Hash: 0b125eb61dd0a2578a9cb1108e0d2cd3
NotePrebufferTime: 1000
TimeOffset: -70
Volume: 0.5
Difficulty:
- Overall: 41
  Chordjack: 30.501898956298827
  Handstream: 41.57729530334473
  Jack: 26.61569480895996
  Jumpstream: 38.90339813232422
  Stamina: 41.53572235107422
  Stream: 31.71060104370117
  Technical: 35.18009719848633
  Rate: 100
