Artist: Viljo Vesterinen
AssetId: rbxassetid://10727739759
CoverImageAssetId: ''
Description: ''
Filename: Sakkijarven Polkka (Tetsuo K. Rock Cover) (HEAVY)
HitSFXGroup: 0
Mapper: Tercesss
MD5Hash: 40434471b8675e6a449e635de58c94df
NotePrebufferTime: 1000
TimeOffset: -75
Volume: 0.5
Difficulty:
- Overall: 34
  Chordjack: 23.31899642944336
  Handstream: 35.32139854431153
  Jack: 19.240198516845705
  Jumpstream: 34.541098022460936
  Stamina: 34.97929801940918
  Stream: 28.189795303344727
  Technical: 30.622501373291016
  Rate: 100
