Artist: Helblinde
AssetId: rbxassetid://10036527584
CoverImageAssetId: ''
Description: ''
Filename: A Reyvateil's Curse
HitSFXGroup: 0
Mapper: Wafles
MD5Hash: 5e3e3a632476d103c4c8a9117bd76d41
NotePrebufferTime: 1000
TimeOffset: 0
Volume: 0.5
Difficulty:
- Overall: 42
  Chordjack: 32.1254997253418
  Handstream: 30.14190101623535
  Jack: 26.263794136047363
  Jumpstream: 40.75019989013672
  Stamina: 40.70945091247559
  Stream: 37.94489936828614
  Technical: 36.77759857177735
  Rate: 100
