Artist: Utsu-P feat.Kagamine Rin
AssetId: rbxassetid://10718816486
CoverImageAssetId: ''
Description: ''
Filename: Tokyo Teddy Bear (LIGHT)
HitSFXGroup: 0
MD5Hash: 96f7a87a63225296b18c992f3945bf45
NotePrebufferTime: 1000
TimeOffset: -70
Volume: 0.5
Difficulty:
- Overall: 16
  Chordjack: 13.518900775909424
  Handstream: 11.726100254058839
  Jack: 10.494900226593018
  Jumpstream: 21.9905948638916
  Stamina: 21.483670234680176
  Stream: 19.009796333312988
  Technical: 19.67849636077881
  Rate: 100
