Artist: Nthious
AssetId: rbxassetid://10064842471
CoverImageAssetId: ''
Description: ''
Filename: Trapce
HitSFXGroup: 0
MD5Hash: f0c52a200566d4b00fdaf9a586ceedf3
NotePrebufferTime: 1000
TimeOffset: -70
Volume: 0.5
Difficulty:
- Overall: 39
  Chordjack: 38.05199546813965
  Handstream: 36.6101978302002
  Jack: 24.699598503112792
  Jumpstream: 35.934294891357425
  Stamina: 36.64273109436035
  Stream: 28.305895042419433
  Technical: 34.799400329589844
  Rate: 100
