Artist: Jeff Williams
AssetId: rbxassetid://12781324053
CoverImageAssetId: ''
Description: ''
Filename: Time To Say Goodbye (feat. Casey Lee Williams)
HitSFXGroup: 0
Mapper: Milla-
MD5Hash: c5cd1c41e8be63564b606992936e1be6
NotePrebufferTime: 1000
TimeOffset: -75
Volume: 0.5
Difficulty:
- Overall: 47
  Chordjack: 48.63689346313477
  Handstream: 28.16459369659424
  Jack: 31.444203186035157
  Jumpstream: 31.64850082397461
  Stamina: 47.67331008911133
  Stream: 26.731794548034667
  Technical: 31.366801071166993
  Rate: 100
