Artist: Hoshi o Kakeru Adventure
AssetId: rbxassetid://10693856080
CoverImageAssetId: ''
Description: ''
Filename: we are forever friends! (long ver.) (LN)
HitSFXGroup: 0
Mapper: gemboyong
MD5Hash: 42c97e74a486d8074e465b80947f0a0a
NotePrebufferTime: 1000
TimeOffset: -150
Volume: 0.5
Difficulty:
- Overall: 0
  Chordjack: 35.54009857177734
  Handstream: 39.80609664916992
  Jack: 37.07369728088379
  Jumpstream: 41.57099876403809
  Stamina: 41.67867851257324
  Stream: 37.671295166015625
  Technical: 41.72039909362793
  Rate: 100
