Artist: Jun Kuroda + AAAA
AssetId: rbxassetid://10080197385
CoverImageAssetId: ''
Description: ''
Filename: Ultimate Fate (HEAVY)
HitSFXGroup: 0
MD5Hash: 2e6f1daa6d5bd65c83412e94e691d4d9
NotePrebufferTime: 1000
TimeOffset: -1035
Volume: 0.5
Difficulty:
- Overall: 22
  Chordjack: 14.855402183532716
  Handstream: 14.4485990524292
  Jack: 12.348899745941162
  Jumpstream: 23.98769474029541
  Stamina: 20.69205379486084
  Stream: 22.638595962524416
  Technical: 23.532295989990235
  Rate: 100
