Artist: P^Light
AssetId: rbxassetid://10698117813
CoverImageAssetId: ''
Description: ''
Filename: Storm Buster (LIGHT)
HitSFXGroup: 0
MD5Hash: c9f4677e28f37d316ce6f20583f08f08
NotePrebufferTime: 1000
TimeOffset: -70
Volume: 0.5
Difficulty:
- Overall: 18
  Chordjack: 14.79690170288086
  Handstream: 13.035601043701172
  Jack: 13.256101799011232
  Jumpstream: 24.613194465637207
  Stamina: 21.05665912628174
  Stream: 22.859096717834472
  Technical: 24.36749725341797
  Rate: 100
