Artist: Paitan
AssetId: rbxassetid://10065357364
CoverImageAssetId: ''
Description: ''
Filename: LEMON SUMMER
HitSFXGroup: 0
Mapper: 'Yuutosan'
MD5Hash: 9ac523fbc8f8c540298d9d672738b644
NotePrebufferTime: 1000
TimeOffset: -70
Volume: 0.5
Difficulty:
- Overall: 29
  Chordjack: 21.148197555541994
  Handstream: 19.153796195983887
  Jack: 20.596498489379883
  Jumpstream: 32.137200164794926
  Stamina: 29.19434051513672
  Stream: 28.40489902496338
  Technical: 32.11650123596191
  Rate: 100
