Artist: Riran
AssetId: rbxassetid://10023913179
CoverImageAssetId: ''
Description: Made by SunsetKR
Filename: Daydream
HitSFXGroup: 0
Mapper: SunsetKR
MD5Hash: 6d9e5eef5864d738b3ece116d4ad0c90
NotePrebufferTime: 1000
TimeOffset: -70
Volume: 0.5
Difficulty:
- Overall: 52
  Chordjack: 50.92379722595215
  Handstream: 37.59569549560547
  Jack: 33.353094863891606
  Jumpstream: 34.631996154785156
  Stamina: 48.56269454956055
  Stream: 28.314895248413087
  Technical: 35.6633960723877
  Rate: 100
