Artist: Teminite & Panda Eyes
AssetId: rbxassetid://10694149896
CoverImageAssetId: ''
Description: ''
Filename: Highscore
HitSFXGroup: 0
Mapper: Melchatron
MD5Hash: 914bd229abfe53759f5d4f4575e1d3ea
NotePrebufferTime: 1000
TimeOffset: -75
Volume: 0.5
Difficulty:
- Overall: 23
  Chordjack: 18.188995742797854
  Handstream: 20.101497459411622
  Jack: 15.459298324584962
  Jumpstream: 24.69419288635254
  Stamina: 24.066957664489745
  Stream: 19.696496772766114
  Technical: 24.986693572998046
  Rate: 100
