Artist: Sia
AssetId: rbxassetid://1228561391
CoverImageAssetId: --FILL IN COVERART ASSETID HERE--
Description: ''
Filename: Chandelier (Extratone)
HitSFXGroup: 0
Mapper: _underjoy
MD5Hash: 64097f77a6b2dfaa881e268cae84efb0
NotePrebufferTime: 820
TimeOffset: -75
Volume: 0.5
Difficulty:
- Overall: 42
  Chordjack: 33.91379928588867
  Handstream: 29.573101043701172
  Jack: 27.644401359558106
  Jumpstream: 48.31469192504883
  Stamina: 45.493526458740234
  Stream: 39.371398544311525
  Technical: 41.492697143554686
  Rate: 100
