Artist: Lady Gaga
AssetId: rbxassetid://5399340256
CoverImageAssetId: ''
Description: ''
Filename: Bad Romance
HitSFXGroup: 0
Mapper: ''
MD5Hash: 55e58ef473bf42b1722af2807dd13a73
NotePrebufferTime: 1000
TimeOffset: -70
Volume: 0.5
Difficulty:
- Overall: 44
  Chordjack: 44.482499313354495
  Handstream: 31.383901977539065
  Jack: 23.364896965026855
  Jumpstream: 32.30100288391113
  Stamina: 42.22604141235352
  Stream: 24.9956937789917
  Technical: 28.68659362792969
  Rate: 100
