Artist: youman feat. GUMI
AssetId: rbxassetid://0
CoverImageAssetId: ''
Description: ''
Filename: Weenywalker(NO AUDIO)
HitSFXGroup: 0
Mapper: -mint-
MD5Hash: 653873b7d5e27e158e53b3e5e170e4af
NotePrebufferTime: 1000
TimeOffset: -75
Volume: 0.5
Difficulty:
- Overall: 38
  Chordjack: 27.24119281768799
  Handstream: 30.141001510620118
  Jack: 21.633297157287597
  Jumpstream: 37.817094039916995
  Stamina: 37.77928047180176
  Stream: 36.197094726562504
  Technical: 36.62189140319824
  Rate: 100
