Artist: PSYQUI
AssetId: rbxassetid://9512635007
CoverImageAssetId: rbxassetid://8356911826
Description: Made by A_scend
Filename: Hysterical Night Girl ft. Such (android52 edit)
HitSFXGroup: 0
Mapper: 'A_scend // :CATJAM:'
MD5Hash: 780d702f8bdf246352a3c61838a12bbd
NotePrebufferTime: 1000
TimeOffset: -70
Volume: 0.5
Difficulty:
- Overall: 42
  Chordjack: 42.44399642944336
  Handstream: 35.48069343566895
  Jack: 23.7707971572876
  Jumpstream: 33.90209541320801
  Stamina: 40.71888885498047
  Stream: 29.260800933837892
  Technical: 31.837500000000002
  Rate: 100
