Artist: KASAI HARCORES
AssetId: rbxassetid://135502606091958
CoverImageAssetId: ''
Description: ''
Filename: Trinity Homerun (LIGHT)
HitSFXGroup: 0
MD5Hash: 57c296c3533f4ca837d0655fd2c23f33
NotePrebufferTime: 1000
TimeOffset: -70
Volume: 0.5
Difficulty:
- Overall: 19
  Chordjack: 15.487200164794922
  Handstream: 14.649300384521485
  Jack: 12.241800212860108
  Jumpstream: 25.832695770263673
  Stamina: 24.964535522460938
  Stream: 26.3141939163208
  Technical: 25.660795783996583
  Rate: 100
