Artist: lapix
AssetId: rbxassetid://10724390114
CoverImageAssetId: ''
Description: ''
Filename: NEO TREASON (EXTRA)
HitSFXGroup: 0
MD5Hash: 60c26efa575661db0d77c24b9fa73364
NotePrebufferTime: 1000
TimeOffset: -70
Volume: 0.5
Difficulty:
- Overall: 35
  Chordjack: 27.35189380645752
  Handstream: 28.596593284606936
  Jack: 26.191794204711915
  Jumpstream: 35.0351978302002
  Stamina: 32.91190795898438
  Stream: 33.97229461669922
  Technical: 34.180197143554686
  Rate: 100
