Artist: kemu feat. IA
AssetId: rbxassetid://10698124073
CoverImageAssetId: ''
Description: ''
Filename: Six Trillion Years and Overnight Story (LIGHT)
HitSFXGroup: 0
MD5Hash: 56a3de00e2adc0ec2be37843cd1c9a27
NotePrebufferTime: 1000
TimeOffset: 0
Volume: 0.5
Difficulty:
- Overall: 16
  Chordjack: 14.367600631713868
  Handstream: 17.606698036193848
  Jack: 14.379302787780762
  Jumpstream: 25.4582971572876
  Stamina: 21.577738952636718
  Stream: 25.024496841430665
  Technical: 25.858795166015625
  Rate: 100
