Artist: Frums
AssetId: rbxassetid://10799562888
CoverImageAssetId: ''
Description: ''
Filename: one of none (Cut Ver.)
HitSFXGroup: 0
Mapper: YunoMaya
MD5Hash: 0f023d214bafbf17c30277231409e75d
NotePrebufferTime: 1000
TimeOffset: -75
Volume: 0.5
Difficulty:
- Overall: 36
  Chordjack: 32.73660049438477
  Handstream: 32.688902664184575
  Jack: 26.106303405761718
  Jumpstream: 35.603994369506836
  Stamina: 33.358131408691406
  Stream: 31.95
  Technical: 35.696698379516604
  Rate: 100
