Artist: Kobaryo
AssetId: rbxassetid://1848368992
CoverImageAssetId: ''
Description: ''
Filename: Zero-Risk Syndrome (Jumptrill)
HitSFXGroup: 0
MD5Hash: d21bc6f849ff2eab4f790253227f038b
NotePrebufferTime: 1000
TimeOffset: -70
Volume: 0.5
Difficulty:
- Overall: 0
  Chordjack: 38.223001098632814
  Handstream: 33.63749656677246
  Jack: 39.719699478149415
  Jumpstream: 41.89949684143067
  Stamina: 39.058154296875
  Stream: 38.899800109863286
  Technical: 46.27619934082031
  Rate: 100
