Artist: F-777
AssetId: rbxassetid://13876759355
CoverImageAssetId: ''
Description: ''
Filename: Wander of Thought (EXTRA)
HitSFXGroup: 0
Mapper: Destroyer5796
MD5Hash: aaf205223f56aad92fdda36e3f53fa48
NotePrebufferTime: 1000
TimeOffset: -75
Volume: 0.5
Difficulty:
- Overall: 51
  Chordjack: 53.519396209716795
  Handstream: 35.963995742797856
  Jack: 30.363299560546874
  Jumpstream: 35.58959884643555
  Stamina: 49.822441864013676
  Stream: 31.916697692871093
  Technical: 36.832495880126956
  Rate: 100
