Artist: TK from Ling tosite sigure
AssetId: rbxassetid://13872452795
CoverImageAssetId: ''
Description: ''
Filename: flower
HitSFXGroup: 0
Mapper: Ena
MD5Hash: 1d4bc6e63c0899b0eabedac724b9610d
NotePrebufferTime: 1000
TimeOffset: -75
Volume: 0.5
Difficulty:
- Overall: 49
  Chordjack: 44.85779571533203
  Handstream: 41.841897583007814
  Jack: 29.06550178527832
  Jumpstream: 44.610297775268556
  Stamina: 45.45538330078125
  Stream: 45.19349670410156
  Technical: 47.136600494384766
  Rate: 100
