Artist: SKAN
AssetId: rbxassetid://10017704864
CoverImageAssetId: rbxassetid://6901319365
Description: ''
Filename: Give It To Dem (feat. Highdiwaan & Drama B)
HitSFXGroup: 0
Mapper: M0ca_l0ca
MD5Hash: 1268f408b0336fbef240673a0086e1c1
NotePrebufferTime: 1000
TimeOffset: -75
Volume: 0.5
Difficulty:
- Overall: 32
  Chordjack: 23.64569549560547
  Handstream: 27.089995193481446
  Jack: 19.043096923828127
  Jumpstream: 33.51240005493164
  Stamina: 32.42756881713867
  Stream: 23.42519474029541
  Technical: 29.82150192260742
  Rate: 100
