Artist: Tokoyami Towa
AssetId: rbxassetid://10023961819
CoverImageAssetId: ''
Description: ''
Filename: -ERROR
HitSFXGroup: 0
Mapper: Reyi
MD5Hash: 7ee43074d9f0aef475b12980a2a396ae
NotePrebufferTime: 1000
TimeOffset: -75
Volume: 0.5
Difficulty:
- Overall: 53
  Chordjack: 35.76599464416504
  Handstream: 32.59799766540527
  Jack: 28.322099876403808
  Jumpstream: 49.95269508361817
  Stamina: 49.24401512145996
  Stream: 52.607695770263675
  Technical: 47.85209541320801
  Rate: 100
