Artist: TheMetea11
AssetId: rbxassetid://10719073155
CoverImageAssetId: ''
Description: ''
Filename: The Cure
HitSFXGroup: 0
MD5Hash: 3f07a650da9b3081f5996a2ddbc3c337
NotePrebufferTime: 1000
TimeOffset: -70
Volume: 0.5
Difficulty:
- Overall: 30
  Chordjack: 21.509096717834474
  Handstream: 20.150996017456055
  Jack: 35.56439895629883
  Jumpstream: 21.241795921325686
  Stamina: 34.1609848022461
  Stream: 37.30499725341797
  Technical: 36.032399368286136
  Rate: 100
