Artist: Hypernite Industries
AssetId: rbxassetid://10036612155
CoverImageAssetId: ''
Description: ''
Filename: Speedcore 300 (EXTRA)
HitSFXGroup: 0
Mapper: nowsmart
MD5Hash: 3568fbbf9acec04343a4f24b93e29b90
NotePrebufferTime: 1000
TimeOffset: -165
Volume: 0.5
Difficulty:
- Overall: 35
  Chordjack: 27.94409465789795
  Handstream: 34.425896072387694
  Jack: 31.473900604248048
  Jumpstream: 39.25169906616211
  Stamina: 37.361865234375
  Stream: 35.03789291381836
  Technical: 40.48560104370117
  Rate: 100
