Artist: Amatou Mania
AssetId: rbxassetid://9561309273
CoverImageAssetId: ''
Description: ''
Filename: antilife (HEAVY)
HitSFXGroup: 0
MD5Hash: 1b83dc2264a88265f31342373e7c5e95
NotePrebufferTime: 1000
TimeOffset: -70
Volume: 0.5
Difficulty:
- Overall: 43
  Chordjack: 34.59779777526855
  Handstream: 24.548394012451173
  Jack: 26.64810104370117
  Jumpstream: 37.32389717102051
  Stamina: 33.64275627136231
  Stream: 34.584298324584964
  Technical: 38.79359664916992
  Rate: 100
