Artist: Yadorigi
AssetId: rbxassetid://10064851265
CoverImageAssetId: ''
Description: ''
Filename: Poppin' Cats!! (LIGHT)
HitSFXGroup: 0
MD5Hash: 80e589d90152de3fa6c3ac875886080b
NotePrebufferTime: 1000
TimeOffset: -70
Volume: 0.5
Difficulty:
- Overall: 24
  Chordjack: 15.96419906616211
  Handstream: 17.684096717834475
  Jack: 21.91409568786621
  Jumpstream: 24.48899574279785
  Stamina: 24.495069122314455
  Stream: 27.61379928588867
  Technical: 29.565002059936525
  Rate: 100
