Artist: Blitz Lunar
AssetId: rbxassetid://10698320436
CoverImageAssetId: ''
Description: ''
Filename: Phi-dentity Crisis (LIGHT)
HitSFXGroup: 0
MD5Hash: aa6206abcf842d7b8f2b7ad803f21f63
NotePrebufferTime: 1000
TimeOffset: -150
Volume: 0.5
Difficulty:
- Overall: 19
  Chordjack: 13.557600116729736
  Handstream: 15.196501922607423
  Jack: 12.013200473785401
  Jumpstream: 17.680496978759766
  Stamina: 20.079449272155763
  Stream: 22.919396209716798
  Technical: 23.129096031188965
  Rate: 100
