Artist: diamomd
AssetId: rbxassetid://13876326602
CoverImageAssetId: ''
Description: ''
Filename: Intercosmic Echo 2
HitSFXGroup: 0
Mapper: Zailscode576
MD5Hash: fed9878b77803d3769643e8ffced88ee
NotePrebufferTime: 1000
TimeOffset: -75
Volume: 0.5
Difficulty:
- Overall: 50
  Chordjack: 37.862100219726564
  Handstream: 47.723397445678714
  Jack: 31.273197555541994
  Jumpstream: 50.804094314575195
  Stamina: 50.736494064331055
  Stream: 48.0068962097168
  Technical: 49.87529640197754
  Rate: 100
