Artist: t+pazolite
AssetId: rbxassetid://10046697908
CoverImageAssetId: ''
Description: ''
Filename: Chambarising
HitSFXGroup: 0
Mapper: SureFir3
MD5Hash: bd7762444700ee50d025ba6ced4d3a95
NotePrebufferTime: 1000
TimeOffset: -75
Volume: 0.5
Difficulty:
- Overall: 56
  Chordjack: 42.12539978027344
  Handstream: 37.02599601745606
  Jack: 28.93769989013672
  Jumpstream: 56.87279090881348
  Stamina: 56.81592292785645
  Stream: 54.21239318847656
  Technical: 54.31589469909668
  Rate: 100
