Artist: Zris
AssetId: rbxassetid://10719382013
CoverImageAssetId: ''
Description: ''
Filename: Tales of Oak (HEAVY)
HitSFXGroup: 0
MD5Hash: 4243d38ad6c58a544323d7a4c60b67e0
NotePrebufferTime: 1000
TimeOffset: -93
Volume: 0.6
Difficulty:
- Overall: 17
  Chordjack: 12.712500858306885
  Handstream: 17.875796127319337
  Jack: 11.83049955368042
  Jumpstream: 21.18419666290283
  Stamina: 18.519529724121096
  Stream: 18.72719707489014
  Technical: 20.880896759033202
  Rate: 100
