Artist: Coakira
AssetId: rbxassetid://13866889709
CoverImageAssetId: ''
Description: ''
Filename: No Running!!!
HitSFXGroup: 0
Mapper: Evening
MD5Hash: acf6a7f54b8a1c04054f39d5a6d6b301
NotePrebufferTime: 1000
TimeOffset: -75
Volume: 0.5
Difficulty:
- Overall: 53
  Chordjack: 36.07199478149414
  Handstream: 53.200792694091795
  Jack: 30.609901428222656
  Jumpstream: 47.89889717102051
  Stamina: 52.71628532409668
  Stream: 38.06909637451172
  Technical: 43.77689552307129
  Rate: 100
