Artist: xi
AssetId: rbxassetid://10017960789
CoverImageAssetId: rbxassetid://8359834536
Description: ''
Filename: Bad Elixir
HitSFXGroup: 0
Mapper: Retsukiya
MD5Hash: 82c43a0d2f036c3fa8b3c9353c5305cd
NotePrebufferTime: 1000
TimeOffset: -70
Volume: 0.5
Difficulty:
- Overall: 54
  Chordjack: 40.28130340576172
  Handstream: 49.26149368286133
  Jack: 29.43270263671875
  Jumpstream: 46.566897583007815
  Stamina: 43.95823860168457
  Stream: 41.718600082397465
  Technical: 49.71599807739258
  Rate: 100
