Artist: Utsu-P feat.Kagamine Rin
AssetId: rbxassetid://10718816486
CoverImageAssetId: ''
Description: ''
Filename: Tokyo Teddy Bear (HEAVY)
HitSFXGroup: 0
MD5Hash: 4c7c763df94b65481f7c38bdf46475b8
NotePrebufferTime: 1000
TimeOffset: -70
Volume: 0.5
Difficulty:
- Overall: 26
  Chordjack: 18.975596237182618
  Handstream: 21.35159568786621
  Jack: 16.625699615478517
  Jumpstream: 29.964602279663087
  Stamina: 28.6878604888916
  Stream: 27.49679489135742
  Technical: 28.041299629211426
  Rate: 100
