Artist: Lily
AssetId: rbxassetid://13025348157
CoverImageAssetId: ''
Description: ''
Filename: Scarlet Rose
HitSFXGroup: 0
Mapper: antip0is0n
MD5Hash: aa87a2c21a15296ee34fb85e4a9cbf08
NotePrebufferTime: 1000
TimeOffset: -75
Volume: 0.5
Difficulty:
- Overall: 64
  Chordjack: 63.55979461669922
  Handstream: 38.32289772033692
  Jack: 40.271401977539064
  Jumpstream: 39.6971981048584
  Stamina: 63.496238708496094
  Stream: 32.57820167541504
  Technical: 37.62629585266114
  Rate: 100
