Artist: KORDHELL
AssetId: rbxassetid://13582685543
CoverImageAssetId: ''
Description: ''
Filename: Dat Phonk
HitSFXGroup: 0
Mapper: Smokydoh
MD5Hash: 96c1665872fc855ea5a6cb4b170962f2
NotePrebufferTime: 1000
TimeOffset: -75
Volume: 0.5
Difficulty:
- Overall: 59
  Chordjack: 58.83929901123047
  Handstream: 35.16839675903321
  Jack: 38.04389991760254
  Jumpstream: 35.67329750061035
  Stamina: 55.58127937316895
  Stream: 30.97530326843262
  Technical: 36.625496292114256
  Rate: 100
