Artist: ROUND TABLE ft. Nino
AssetId: rbxassetid://5567748245
CoverImageAssetId: ''
Description: ''
Filename: Let Me Be With You (TV Size)
HitSFXGroup: 0
Mapper: BaniiYanii
MD5Hash: 54f2dd3ea4d9a11b2b110c115e8c1b87
NotePrebufferTime: 1000
TimeOffset: -70
Volume: 0.5
Difficulty:
- Overall: 42
  Chordjack: 26.96579475402832
  Handstream: 24.606894493103027
  Jack: 24.118195152282716
  Jumpstream: 36.84960021972656
  Stamina: 42.052639389038085
  Stream: 45.588599395751956
  Technical: 45.05399780273438
  Rate: 100
