Artist: Silentroom
AssetId: rbxassetid://9726659564
CoverImageAssetId: rbxassetid://8359793162
Description: ''
Filename: Nhelv
HitSFXGroup: 0
Mapper: Guilhermeziat
MD5Hash: 1053a71cd97aba9ca3e011fef55653df
NotePrebufferTime: 1000
TimeOffset: -70
Volume: 0.5
Difficulty:
- Overall: 55
  Chordjack: 46.2401985168457
  Handstream: 44.27189483642578
  Jack: 31.6593017578125
  Jumpstream: 49.16699409484863
  Stamina: 46.40065383911133
  Stream: 47.65319480895996
  Technical: 50.69069480895996
  Rate: 100
