Artist: Rotteen
AssetId: rbxassetid://13867296455
CoverImageAssetId: ''
Description: ''
Filename: MiKU iS STiLL ALiVE!
HitSFXGroup: 0
Mapper: yeahitsryan
MD5Hash: 2432325a067ecf0c6589d42efe3a3fe2
NotePrebufferTime: 1000
TimeOffset: -75
Volume: 0.5
Difficulty:
- Overall: 37
  Chordjack: 23.240696525573732
  Handstream: 28.39409465789795
  Jack: 19.488597679138184
  Jumpstream: 38.30219535827637
  Stamina: 38.26389427185059
  Stream: 30.456000137329102
  Technical: 32.046298599243165
  Rate: 100
