Artist: Foreground Eclipse
AssetId: rbxassetid://95448465260692
CoverImageAssetId: rbxassetid://8359867045
Description: ''
Filename: Last Liar Standing (HEAVY)
HitSFXGroup: 0
Mapper: Trixta
MD5Hash: db2d3dc8ca97aed2368e228c09cdb6a6
NotePrebufferTime: 1000
TimeOffset: 0
Volume: 0.5
Difficulty:
- Overall: 53
  Chordjack: 38.851199340820315
  Handstream: 52.864195632934575
  Jack: 30.591001510620117
  Jumpstream: 52.45379447937012
  Stamina: 46.396736526489256
  Stream: 52.55549354553223
  Technical: 49.977894973754886
  Rate: 100
