Artist: USAO
AssetId: rbxassetid://10698194402
CoverImageAssetId: ''
Description: ''
Filename: Miracle 5ympho X
HitSFXGroup: 0
Mapper: 'ArcadeSona'
MD5Hash: c4ba69b2597c8410410b9390f060462e
NotePrebufferTime: 1000
TimeOffset: 375
Volume: 0.5
Difficulty:
- Overall: 31
  Chordjack: 22.902297019958496
  Handstream: 24.065996360778808
  Jack: 19.99529914855957
  Jumpstream: 34.436693572998045
  Stamina: 32.67791976928711
  Stream: 27.068393325805665
  Technical: 31.700699615478516
  Rate: 100
