Artist: depp
AssetId: rbxassetid://2914572075
CoverImageAssetId: ''
Description: ''
Filename: beforeyougo (HEAVY)
HitSFXGroup: 0
MD5Hash: e9582b64834bd2299da4854ddeeb425e
NotePrebufferTime: 1000
TimeOffset: 0
Volume: 0.5
Difficulty:
- Overall: 10
  Chordjack: 6.244199752807617
  Handstream: 6.8796000480651855
  Jack: 6.257700061798096
  Jumpstream: 11.161800384521484
  Stamina: 9.229424571990966
  Stream: 11.501100254058839
  Technical: 12.093299388885498
  Rate: 100
