Artist: dj-Nate
AssetId: rbxassetid://12781321753
CoverImageAssetId: ''
Description: ''
Filename: Thermodynamix
HitSFXGroup: 0
Mapper: the blue frawog
MD5Hash: e5d610218970275e894f0d2eed4d2aea
NotePrebufferTime: 1000
TimeOffset: -75
Volume: 0.5
Difficulty:
- Overall: 52
  Chordjack: 46.36079750061035
  Handstream: 42.038099670410155
  Jack: 43.4538013458252
  Jumpstream: 42.3026985168457
  Stamina: 49.33049125671387
  Stream: 49.599896621704104
  Technical: 52.8443962097168
  Rate: 100
