Artist: xi
AssetId: rbxassetid://10043823837
CoverImageAssetId: rbxassetid://6673442077
Description: ''
Filename: FREEDOM DiVE
HitSFXGroup: 0
Mapper: razlteh
MD5Hash: d5499e1d97b8022a3f17a5e4d62e6f08
NotePrebufferTime: 800
TimeOffset: -230
Volume: 0.5
Difficulty:
- Overall: 35
  Chordjack: 22.26599636077881
  Handstream: 21.60989627838135
  Jack: 22.28939380645752
  Jumpstream: 30.897901153564455
  Stamina: 35.89720916748047
  Stream: 37.77029571533203
  Technical: 37.83149299621582
  Rate: 100
