Artist: Crazy Astronaut
AssetId: rbxassetid://13156532570
CoverImageAssetId: ''
Description: ''
Filename: So Damn Tough (feat. VG) (Speed Up Ver, 1.02x)
HitSFXGroup: 0
Mapper: Hydria
MD5Hash: 6cbd193ced072c24a6cc1c2aa6c0ee41
NotePrebufferTime: 1000
TimeOffset: 425
Volume: 0.5
Difficulty:
- Overall: 68
  Chordjack: 58.18319549560547
  Handstream: 64.91249313354493
  Jack: 43.834498214721684
  Jumpstream: 61.832695770263676
  Stamina: 64.8475845336914
  Stream: 43.47989387512207
  Technical: 58.49728775024414
  Rate: 100
