Artist: Pegboard Nerds
AssetId: rbxassetid://562459920
CoverImageAssetId: ''
Description: ''
Filename: Swamp Thing
HitSFXGroup: 0
Mapper: '_Y u r i_'
MD5Hash: 06d8a3d7df236683e9641582cc552251
NotePrebufferTime: 950
TimeOffset: -20
Volume: 0.5
Difficulty: 
- Overall: 15
  Chordjack: 13.83210039138794
  Handstream: 13.176001167297363
  Jack: 13.774501132965089
  Jumpstream: 22.99229736328125
  Stamina: 22.854032707214355
  Stream: 25.433996772766115
  Technical: 26.38439483642578
  Rate: 100
