Artist: Yadorigi
AssetId: rbxassetid://10064851265
CoverImageAssetId: ''
Description: ''
Filename: Poppin' Cats!! (HEAVY)
HitSFXGroup: 0
MD5Hash: 02a6164e0c3f334b9e977f28a4b9b4a7
NotePrebufferTime: 1000
TimeOffset: -70
Volume: 0.5
Difficulty:
- Overall: 39
  Chordjack: 23.74559555053711
  Handstream: 27.37709369659424
  Jack: 29.857502746582032
  Jumpstream: 35.19899711608887
  Stamina: 31.606910705566406
  Stream: 31.097701263427734
  Technical: 37.71269989013672
  Rate: 100
