Artist: Kyo1110
AssetId: rbxassetid://2048690454
CoverImageAssetId: ''
Description: ''
Filename: _STRANGE_
HitSFXGroup: 0
MD5Hash: 39b73525aca24683d2f46d1ae2bb6539
NotePrebufferTime: 1000
TimeOffset: -82
Volume: 0.6
Difficulty:
- Overall: 32
  Chordjack: 25.58969535827637
  Handstream: 30.466801071166994
  Jack: 21.550498008728027
  Jumpstream: 33.141597747802734
  Stamina: 31.307409667968752
  Stream: 28.268095207214355
  Technical: 35.06220016479492
  Rate: 100
