Artist: Sister MAYO
AssetId: rbxassetid://13025229051
CoverImageAssetId: ''
Description: ''
Filename: Love Tropicana
HitSFXGroup: 0
Mapper: aeyeong
MD5Hash: 60ad20de03f2076e81fa8dad31811683
NotePrebufferTime: 1000
TimeOffset: -75
Volume: 0.5
Difficulty:
- Overall: 40
  Chordjack: 44.713795852661136
  Handstream: 38.054693984985356
  Jack: 27.771300315856934
  Jumpstream: 38.39399642944336
  Stamina: 43.740692138671875
  Stream: 26.61119384765625
  Technical: 31.99679832458496
  Rate: 100
