Artist: Seiryu
AssetId: rbxassetid://10065277596
CoverImageAssetId: ''
Description: ''
Filename: BLUE DRAGON (HEAVY)
HitSFXGroup: 0
MD5Hash: c086b280bb2534599668996d41a1fc7b
NotePrebufferTime: 1000
TimeOffset: 0
Volume: 0.5
Difficulty:
- Overall: 26
  Chordjack: 25.13159637451172
  Handstream: 24.043496704101564
  Jack: 22.286697006225587
  Jumpstream: 31.219203186035156
  Stamina: 27.70810832977295
  Stream: 25.238695907592774
  Technical: 31.13100357055664
  Rate: 100
