Artist: Kommisar
AssetId: rbxassetid://10719051697
CoverImageAssetId: ''
Description: ''
Filename: Southern Waters Assault 8bit (LN)
HitSFXGroup: 0
Mapper: Gekido-
MD5Hash: 4caa87c27ee87757e439789e3b7b0a11
NotePrebufferTime: 1000
TimeOffset: -200
Volume: 0.5
Difficulty:
- Overall: 0
  Chordjack: 36.66509857177734
  Handstream: 35.77409706115723
  Jack: 29.46870002746582
  Jumpstream: 40.19579887390137
  Stamina: 40.15560607910157
  Stream: 33.09569892883301
  Technical: 39.44159774780274
  Rate: 100
