Artist: YST
AssetId: rbxassetid://10025062899
CoverImageAssetId: ''
Description: ''
Filename: The Lost Dedicated (LIGHT)
HitSFXGroup: 0
Mapper: Zyph
MD5Hash: ccfef559e4c3952ab509b2655cc5e714
NotePrebufferTime: 1000
TimeOffset: -55
Volume: 0.5
Difficulty:
- Overall: 44
  Chordjack: 47.087096786499025
  Handstream: 34.06139717102051
  Jack: 34.11179695129395
  Jumpstream: 34.822797775268555
  Stamina: 43.52514381408692
  Stream: 26.60849533081055
  Technical: 33.099296951293944
  Rate: 100
