Artist: ETIA.
AssetId: rbxassetid://10727740925
CoverImageAssetId: ''
Description: ''
Filename: Singularity VVVIP
HitSFXGroup: 0
MD5Hash: b7e120c2e8032d9a7e9c99f6fdd51b9f
NotePrebufferTime: 1000
TimeOffset: -70
Volume: 0.5
Difficulty:
- Overall: 41
  Chordjack: 27.90629653930664
  Handstream: 30.923097610473633
  Jack: 23.716797637939454
  Jumpstream: 34.98299560546875
  Stamina: 31.25314064025879
  Stream: 30.06540184020996
  Technical: 34.94160118103027
  Rate: 100
