Artist: DJ Myosuke & Noizenecio
AssetId: rbxassetid://10026828552
CoverImageAssetId: ''
Description: ''
Filename: Architecture
HitSFXGroup: 0
Mapper: Mat
MD5Hash: b1f2c51dd9c31cd806a9bcec3105709f
NotePrebufferTime: 730
TimeOffset: 305
Volume: 0.5
Difficulty:
- Overall: 0
  Chordjack: 48.87719535827637
  Handstream: 39.55949821472168
  Jack: 40.293896484375004
  Jumpstream: 42.61499862670899
  Stamina: 47.39476890563965
  Stream: 36.30509719848633
  Technical: 42.60509719848633
  Rate: 100
