Artist: Onett
AssetId: rbxassetid://10024757065
CoverImageAssetId: ''
Description: ''
Filename: GET STICK BUGGED (Camellia Remix) (EXTRA)
HitSFXGroup: 0
Mapper: Bunnrei
MD5Hash: daccd3f63e73699ead2101634f1a74d8
NotePrebufferTime: 1000
TimeOffset: -70
Volume: 0.5
Difficulty:
- Overall: 47
  Chordjack: 47.5991008758545
  Handstream: 35.96640586853027
  Jack: 29.721224212646487
  Jumpstream: 35.086181259155275
  Stamina: 44.47132759094239
  Stream: 28.56849231719971
  Technical: 34.51022644042969
  Rate: 100
