Artist: Various Artists
AssetId: rbxassetid://0
CoverImageAssetId: ''
Description: ''
Filename: Chordjack Joker Dan V
HitSFXGroup: 0
Mapper: '[Crz]Rachel&Ice V'
MD5Hash: 9e3700627395e1ae4b5d6ffa2e0b3540
NotePrebufferTime: 1000
TimeOffset: -75
Volume: 0.5
Difficulty:
- Overall: 47
  Chordjack: 52.413296127319335
  Handstream: 38.360697555542
  Jack: 32.71409912109375
  Jumpstream: 38.70989456176758
  Stamina: 52.36088447570801
  Stream: 29.243696594238283
  Technical: 35.10539703369141
  Rate: 100
