Artist: Camellia ft. Nanahira
AssetId: rbxassetid://10037879862
CoverImageAssetId: ''
Description: ''
Filename: Amor De Verao (HEAVY)
HitSFXGroup: 0
MD5Hash: 258fccd4d224bfbf5f9eddb2d23e635a
NotePrebufferTime: 1000
TimeOffset: -70
Volume: 0.5
Difficulty:
- Overall: 24
  Chordjack: 22.09589538574219
  Handstream: 27.456294822692872
  Jack: 17.792097473144533
  Jumpstream: 32.696098709106444
  Stamina: 30.74732666015625
  Stream: 26.805593490600586
  Technical: 30.626102828979494
  Rate: 100
