Artist: The Flashbulb
AssetId: rbxassetid://6037636809
CoverImageAssetId: rbxassetid://6034301132
Description: Made by SunsetKR
Filename: Kirlian Shores
HitSFXGroup: 0
Mapper: 'SunsetKR'
MD5Hash: cd96aa986816a2430ff8f7d07fd9b94d
NotePrebufferTime: 1000
TimeOffset: -70
Volume: 0.5
Difficulty:
- Overall: 39
  Chordjack: 26.537393188476564
  Handstream: 35.77949409484864
  Jack: 22.88429832458496
  Jumpstream: 37.02779846191407
  Stamina: 32.79045066833496
  Stream: 35.53649711608887
  Technical: 37.493096923828126
  Rate: 100
