Artist: S.S.H.
AssetId: rbxassetid://10080027230
CoverImageAssetId: ''
Description: ''
Filename: Intersect Thunderbolt-Remix (LIGHT)
HitSFXGroup: 0
MD5Hash: 48e6d6950e0e15490abd4214ef2b3aab
NotePrebufferTime: 1000
TimeOffset: -70
Volume: 0.5
Difficulty:
- Overall: 10
  Chordjack: 9.277201366424562
  Handstream: 8.879400157928467
  Jack: 9.23850030899048
  Jumpstream: 13.698900604248047
  Stamina: 13.89763469696045
  Stream: 16.76159706115723
  Technical: 17.31240005493164
  Rate: 100
