Artist: Ice
AssetId: rbxassetid://10698478369
CoverImageAssetId: --FILL IN COVERART ASSETID HERE--
Description: ''
Filename: Entrance (HEAVY)
HitSFXGroup: 0
MD5Hash: 5b317f6f099464e3df915457f06e700c
NotePrebufferTime: 1000
TimeOffset: -100
Volume: 0.5
Difficulty:
- Overall: 20
  Chordjack: 16.366497802734376
  Handstream: 17.392497253417968
  Jack: 15.459298324584962
  Jumpstream: 28.848604202270508
  Stamina: 26.72852954864502
  Stream: 27.38429660797119
  Technical: 27.971100425720216
  Rate: 100
