Artist: Kobaryo ft. Camellia
AssetId: rbxassetid://10017947543
CoverImageAssetId: rbxassetid://8359823980
Description: ''
Filename: Villain Virus
HitSFXGroup: 0
Mapper: Lynessa
MD5Hash: df3d239e9ed691a9324dc997df5c7e37
NotePrebufferTime: 1000
TimeOffset: 0
Volume: 0.5
Difficulty:
- Overall: 56
  Chordjack: 43.28730010986328
  Handstream: 54.367193984985356
  Jack: 36.32039566040039
  Jumpstream: 51.06959266662598
  Stamina: 53.40935440063477
  Stream: 36.75509719848633
  Technical: 48.09149436950684
  Rate: 100
