Artist: sawawa
AssetId: rbxassetid://10054538072
CoverImageAssetId: ''
Description: ''
Filename: Cirno Break (HEAVY)
HitSFXGroup: 0
MD5Hash: 5ed0f4312eb8d499f5636cc72fbd5927
NotePrebufferTime: 1000
TimeOffset: -145
Volume: 0.5
Difficulty:
- Overall: 27
  Chordjack: 21.148197555541994
  Handstream: 23.60159568786621
  Jack: 19.340096855163576
  Jumpstream: 32.14709815979004
  Stamina: 30.68079414367676
  Stream: 27.552595138549805
  Technical: 30.860101318359376
  Rate: 100
