Artist: Amuro vs Killer
AssetId: rbxassetid://12781285427
CoverImageAssetId: ''
Description: ''
Filename: Mei (HEAVY)
HitSFXGroup: 0
Mapper: NoobMan3332
MD5Hash: c6c99ddbb5a69360af1094c2a2115b49
NotePrebufferTime: 1000
TimeOffset: -75
Volume: 0.5
Difficulty:
- Overall: 39
  Chordjack: 29.002502059936525
  Handstream: 41.57370071411133
  Jack: 24.51779708862305
  Jumpstream: 40.9626033782959
  Stamina: 40.6632568359375
  Stream: 36.89099807739258
  Technical: 39.274200439453125
  Rate: 100
