Artist: Jun Maeda x yanaginagi
AssetId: rbxassetid://13872485509
CoverImageAssetId: ''
Description: ''
Filename: Muteki no Soldier
HitSFXGroup: 0
Mapper: Shoegazer
MD5Hash: db17fc4065dbd7e1b627c9c531492bec
NotePrebufferTime: 1000
TimeOffset: -75
Volume: 0.5
Difficulty:
- Overall: 58
  Chordjack: 37.334694671630864
  Handstream: 36.07019577026367
  Jack: 32.95529708862305
  Jumpstream: 45.95219879150391
  Stamina: 57.56667366027832
  Stream: 57.62429351806641
  Technical: 53.46539497375488
  Rate: 100
