Artist: xi
AssetId: rbxassetid://10043823837
CoverImageAssetId: ''
Description: ''
Filename: Freedom Dive (HEAVY)
HitSFXGroup: 0
Mapper: "ROBEATS"
MD5Hash: c5f17f7fafe64ae40bbb15e9cee1f0da
NotePrebufferTime: 1000
TimeOffset: -350
Volume: 0.5
Difficulty:
- Overall: 30
  Chordjack: 27.37709369659424
  Handstream: 23.903096580505373
  Jack: 23.43779640197754
  Jumpstream: 41.52870140075684
  Stamina: 40.50780372619629
  Stream: 37.88639717102051
  Technical: 37.13489799499512
  Rate: 100
