Artist: Terminal 11
AssetId: rbxassetid://13867190672
CoverImageAssetId: ''
Description: ''
Filename: The Bird's Midair Heatstroke
HitSFXGroup: 0
Mapper: yeahitsryan
MD5Hash: 6251dd2a38773aaf15aa982f33e04b57
NotePrebufferTime: 1000
TimeOffset: -75
Volume: 0.5
Difficulty:
- Overall: 37
  Chordjack: 23.442297363281252
  Handstream: 21.435296058654785
  Jack: 26.333995056152343
  Jumpstream: 33.625799560546874
  Stamina: 35.02159881591797
  Stream: 39.12209815979004
  Technical: 39.752102279663085
  Rate: 100
