Artist: MasamiT
AssetId: rbxassetid://10027923107
CoverImageAssetId: ''
Description: ''
Filename: Toraburu Kuroneko (Speed up ver.)
HitSFXGroup: 0
Mapper: AutotelicBrown
MD5Hash: 5497dc219e6d98b4e30d3dad5ffda1ab
NotePrebufferTime: 1000
TimeOffset: -70
Volume: 0.5
Difficulty:
- Overall: 45
  Chordjack: 46.43639717102051
  Handstream: 30.932099533081054
  Jack: 35.098197555541994
  Jumpstream: 33.95159568786621
  Stamina: 45.62238578796387
  Stream: 27.540892982482912
  Technical: 33.88949546813965
  Rate: 100
