Artist: Chroma
AssetId: rbxassetid://10693784080
CoverImageAssetId: ''
Description: ''
Filename: Sayonara Planet Wars
HitSFXGroup: 0
Mapper: Leo137
MD5Hash: a3e806b0a7a52321d7b3be1b038bc310
NotePrebufferTime: 840
TimeOffset: -50
Volume: 0.5
Difficulty:
- Overall: 43
  Chordjack: 28.28339366912842
  Handstream: 29.41920318603516
  Jack: 21.9392972946167
  Jumpstream: 43.857895660400395
  Stamina: 42.26923141479492
  Stream: 39.90149917602539
  Technical: 37.78920249938965
  Rate: 100
