Artist: Ryu
AssetId: rbxassetid://10698544283
CoverImageAssetId: ''
Description: ''
Filename: AGEHA (HEAVY)
HitSFXGroup: 0
MD5Hash: 29d8baf6d22526982d3986f625f68c98
NotePrebufferTime: 1010
TimeOffset: -82
Volume: 0.5
Difficulty:
- Overall: 19
  Chordjack: 18.28439826965332
  Handstream: 14.45310001373291
  Jack: 16.80299663543701
  Jumpstream: 24.14699478149414
  Stamina: 24.31670265197754
  Stream: 22.83119487762451
  Technical: 27.575096511840822
  Rate: 100
