Artist: lapix
AssetId: rbxassetid://10043795059
CoverImageAssetId: ''
Description: ''
Filename: Duality Rave (Zekk's 'FULL SPEC' Remix) (EXTRA)
HitSFXGroup: 0
Mapper: -Mystic
MD5Hash: f55223c71b63155f9d274b06daf695f9
NotePrebufferTime: 1000
TimeOffset: -130
Volume: 0.5
Difficulty:
- Overall: 39
  Chordjack: 26.612095069885253
  Handstream: 26.576094245910646
  Jack: 26.702994918823244
  Jumpstream: 36.32309761047363
  Stamina: 34.94388771057129
  Stream: 34.90649642944336
  Technical: 36.70019989013672
  Rate: 100
