Artist: IOSYS
AssetId: rbxassetid://8345085567
CoverImageAssetId: ''
Description: ''
Filename: Bow Down, You Ignorant Fools! -The Princess' Insane All Night Hourai Live-
HitSFXGroup: 0
MD5Hash: 47116f6c583608b5e48040200a6d05d7
NotePrebufferTime: 1000
TimeOffset: -70
Volume: 0.5
Difficulty:
- Overall: 44
  Chordjack: 32.92559623718262
  Handstream: 32.11740417480469
  Jack: 28.160099601745607
  Jumpstream: 41.787000274658205
  Stamina: 38.63765602111817
  Stream: 36.174600219726564
  Technical: 41.39909706115723
  Rate: 100
