Artist: SHIKI
AssetId: rbxassetid://10027936607
CoverImageAssetId: ''
Description: ''
Filename: Angelic layer
HitSFXGroup: 0
Mapper: Vortex-
MD5Hash: e2f96ab032a509b346639ed3c5cb8930
NotePrebufferTime: 1000
TimeOffset: -1010
Volume: 0.5
Difficulty:
- Overall: 44
  Chordjack: 34.400696182250975
  Handstream: 32.83919906616211
  Jack: 40.82220153808594
  Jumpstream: 34.50779914855957
  Stamina: 24.166746139526367
  Stream: 30.556803131103518
  Technical: 36.19079818725586
  Rate: 100
