Artist: you
AssetId: rbxassetid://106441937878758
CoverImageAssetId: ''
Description: ''
Filename: Hold Angel (HEAVY)
HitSFXGroup: 0
Mapper: Shoegazer
MD5Hash: bf043ce691e55b3fdfbf03d699150741
NotePrebufferTime: 1000
TimeOffset: -70
Volume: 0.5
Difficulty:
- Overall: 47
  Chordjack: 39.50909500122071
  Handstream: 38.07270126342774
  Jack: 26.216101455688477
  Jumpstream: 45.730800247192384
  Stamina: 41.83655548095703
  Stream: 46.20959815979004
  Technical: 47.80079612731934
  Rate: 100
