Artist: monet
AssetId: rbxassetid://10049440577
CoverImageAssetId: ''
Description: ''
Filename: Noborenai Sakamichi
HitSFXGroup: 0
Mapper: Treat
MD5Hash: 596cb61d9dbee71af26252d1e777f76a
NotePrebufferTime: 1000
TimeOffset: -70
Volume: 0.5
Difficulty:
- Overall: 42
  Chordjack: 44.5535945892334
  Handstream: 34.91639442443848
  Jack: 24.25499725341797
  Jumpstream: 33.78599739074707
  Stamina: 44.50904502868652
  Stream: 25.674295234680176
  Technical: 31.194003295898437
  Rate: 100
