Artist: Hatsuki Yura
AssetId: rbxassetid://6888613394
CoverImageAssetId: rbxassetid://8357095671
Description: ''
Filename: Onyx Veil -Boukyaku no yami-
HitSFXGroup: 0
Mapper: A_scend
MD5Hash: 64bc319833a89391d2d09360adcb590e
NotePrebufferTime: 1000
TimeOffset: -75
Volume: 0.5
Difficulty:
- Overall: 66
  Chordjack: 42.54659843444824
  Handstream: 65.44799423217773
  Jack: 35.94869728088379
  Jumpstream: 58.622387695312504
  Stamina: 64.6827278137207
  Stream: 49.134594726562504
  Technical: 54.15839195251465
  Rate: 100
