Artist: DJ CHUCKY
AssetId: rbxassetid://13155541640
CoverImageAssetId: ''
Description: ''
Filename: Abyss Of The Darkness (Cut Ver.)
HitSFXGroup: 0
Mapper: AutotelicBrown
MD5Hash: 39632118988c8114149ea69e76bb73d9
NotePrebufferTime: 1000
TimeOffset: -75
Volume: 0.5
Difficulty:
- Overall: 39
  Chordjack: 28.904397583007814
  Handstream: 41.643896484375
  Jack: 21.433498764038088
  Jumpstream: 37.91249656677246
  Stamina: 41.60225486755371
  Stream: 32.33789978027344
  Technical: 36.75779914855957
  Rate: 100
