Artist: Le Perche Orielle
AssetId: rbxassetid://13867324530
CoverImageAssetId: ''
Description: ''
Filename: Debut (HEAVY)
HitSFXGroup: 0
Mapper: yeahitsryan
MD5Hash: 2a8bf97d88a40935752d25e481565f5a
NotePrebufferTime: 1000
TimeOffset: -75
Volume: 0.5
Difficulty:
- Overall: 24
  Chordjack: 19.805397033691406
  Handstream: 21.96899642944336
  Jack: 18.440098571777344
  Jumpstream: 26.79119281768799
  Stamina: 23.618404769897463
  Stream: 23.26139545440674
  Technical: 27.755998420715333
  Rate: 100
