Artist: BlackY
AssetId: rbxassetid://10026854750
CoverImageAssetId: ''
Description: ''
Filename: Depravity CLiMAXXX
HitSFXGroup: 0
Mapper: Valedict
MD5Hash: b9328e6eb0a89989771a7fd6ab454c74
NotePrebufferTime: 1000
TimeOffset: -70
Volume: 0.5
Difficulty:
- Overall: 35
  Chordjack: 30.229204559326174
  Handstream: 31.5314998626709
  Jack: 26.139602279663087
  Jumpstream: 39.456899642944336
  Stamina: 38.16331443786621
  Stream: 32.59799766540527
  Technical: 38.08439826965332
  Rate: 100
