Artist: Various Fartists
AssetId: rbxassetid://13646300488
CoverImageAssetId: ''
Description: ''
Filename: Easy Drum Warmups for Beginner Drumlines
HitSFXGroup: 0
Mapper: '[illogical]'
MD5Hash: 4c6e6bbaaf9e1a908e025b29e06d73bc
NotePrebufferTime: 1000
TimeOffset: -75
Volume: 0.5
Difficulty:
- Overall: 39
  Chordjack: 28.565100288391115
  Handstream: 28.98450164794922
  Jack: 31.530600357055665
  Jumpstream: 34.67249794006348
  Stamina: 32.791363906860354
  Stream: 34.650902938842776
  Technical: 40.423500823974614
  Rate: 100
