Artist: chicken
AssetId: rbxassetid://10813309434
CoverImageAssetId: ''
Description: ''
Filename: chicken beatbox (HEAVY)
HitSFXGroup: 0
Mapper: A_scend (LocalStore) as "LocalBarn"
MD5Hash: 173437c7806a636694f2171173b8c2f8
NotePrebufferTime: 1000
TimeOffset: -75
Volume: 0.5
Difficulty:
- Overall: 15
  Chordjack: 16.82695541381836
  Handstream: 17.024293899536133
  Jack: 11.516330909729005
  Jumpstream: 17.722475051879883
  Stamina: 14.822801971435547
  Stream: 11.726085662841797
  Technical: 16.87232894897461
  Rate: 100
