Artist: xi
AssetId: rbxassetid://2814438485
CoverImageAssetId: ''
Description: ''
Filename: Freedom Dive (Metal Dimension) (HEAVY)
HitSFXGroup: 0
Mapper: tranvucam
MD5Hash: f7705311d7d9160dd283a310d13f117e
NotePrebufferTime: 1000
TimeOffset: 0
Volume: 0.5
Difficulty:
- Overall: 34
  Chordjack: 28.144794273376466
  Handstream: 29.62620277404785
  Jack: 27.828894424438477
  Jumpstream: 39.377698516845705
  Stamina: 38.62764129638672
  Stream: 36.28709678649903
  Technical: 35.733598709106445
  Rate: 100
