Artist: Various Artists
AssetId: rbxassetid://12398368040
CoverImageAssetId: rbxassetid://8357131192
Description: ''
Filename: 4K Gamma Dan (1.05263157895x)
HitSFXGroup: 0
MD5Hash: 43dda55bbbf432970d0b6faf0115d6c0
NotePrebufferTime: 1000
TimeOffset: -910
Volume: 0.8
Difficulty:
- Overall: 63
  Chordjack: 44.37359733581543
  Handstream: 45.87299766540527
  Jack: 37.04489250183106
  Jumpstream: 56.904287338256836
  Stamina: 56.847388458251956
  Stream: 50.738396072387694
  Technical: 52.865091705322264
  Rate: 100
