Artist: TheSuperMarioBros2
AssetId: rbxassetid://9512693676
CoverImageAssetId: ''
Description: ''
Filename: Penger 
HitSFXGroup: 0
Mapper: RCS Megacollab
MD5Hash: 8f9b67357475d18458b3ae693730e519
NotePrebufferTime: 1000
TimeOffset: -75
Volume: 0.5
Difficulty:
- Overall: 57
  Chordjack: 40.916694259643556
  Handstream: 44.75339469909668
  Jack: 33.77879791259766
  Jumpstream: 46.63169631958008
  Stamina: 50.23947257995606
  Stream: 51.84269371032715
  Technical: 51.300896072387694
  Rate: 100
