Artist: Camellia
AssetId: rbxassetid://9512643033
CoverImageAssetId: ''
Description: ''
Filename: crystallized (HEAVY)
HitSFXGroup: 0
Mapper: "Oh pie"
MD5Hash: d16254f3304c5b989281f511012d96a2
NotePrebufferTime: 1000
TimeOffset: -70
Volume: 0.5
Difficulty:
- Overall: 32
  Chordjack: 22.350594520568848
  Handstream: 27.52829475402832
  Jack: 21.81779537200928
  Jumpstream: 30.375902938842774
  Stamina: 30.720399856567383
  Stream: 30.609005355834963
  Technical: 33.00389785766602
  Rate: 100
