Artist: Seiryu
AssetId: rbxassetid://10065277596
CoverImageAssetId: ''
Description: ''
Filename: BLUE DRAGON (LIGHT)
HitSFXGroup: 0
MD5Hash: 66beff6081306fd4be852eff153f6338
NotePrebufferTime: 1000
TimeOffset: 0
Volume: 0.5
Difficulty:
- Overall: 9
  Chordjack: 8.413201332092285
  Handstream: 7.7211012840271
  Jack: 6.128100013732911
  Jumpstream: 11.257200336456298
  Stamina: 12.430132484436035
  Stream: 14.502600288391113
  Technical: 13.424400329589844
  Rate: 100
