Artist: Camellia
AssetId: rbxassetid://10043779170
CoverImageAssetId: ''
Description: ''
Filename: ANOMALY
HitSFXGroup: 0
Mapper: Trixta
MD5Hash: f632ef315daf4546829b940c3f14e0da
NotePrebufferTime: 1000
TimeOffset: -22
Volume: 0.5
Difficulty:
- Overall: 40
  Chordjack: 31.981499862670898
  Handstream: 42.41969947814942
  Jack: 28.333795166015626
  Jumpstream: 41.94270057678223
  Stamina: 41.737235641479494
  Stream: 31.042800521850587
  Technical: 39.346198654174806
  Rate: 100
