Artist: KARUT
AssetId: rbxassetid://13872076276
CoverImageAssetId: ''
Description: ''
Filename: Spiral Rider
HitSFXGroup: 0
Mapper: Evening
MD5Hash: f73c7270300cbb4b4ec54cc8b67487a7
NotePrebufferTime: 1000
TimeOffset: -75
Volume: 0.5
Difficulty:
- Overall: 41.57838020324707
  Chordjack: 27.28169288635254
  Handstream: 34.09919700622559
  Jack: 22.470297431945802
  Jumpstream: 40.48649711608887
  Stamina: 37.74132957458496
  Stream: 40.28580436706543
  Technical: 39.676499176025395
  Rate: 100
