Artist: MitchiriNeko + lordmarum
AssetId: rbxassetid://138194466858600
CoverImageAssetId: ''
Description: ''
Filename: Mitchiri Neko March (Chiptune Remix) (HEAVY)
HitSFXGroup: 0
MD5Hash: 26c98db90d98051061c42e6acb5b59a1
NotePrebufferTime: 1000
TimeOffset: -70
Volume: 0.5
Difficulty:
- Overall: 23
  Chordjack: 18.350997734069825
  Handstream: 18.802796745300295
  Jack: 15.32969913482666
  Jumpstream: 26.987393188476563
  Stamina: 26.978422164916992
  Stream: 29.96909980773926
  Technical: 27.33749485015869
  Rate: 100
