Artist: UNDEAD CORPORATION
AssetId: rbxassetid://10719207989
CoverImageAssetId: ''
Description: ''
Filename: Setsugetsu Ouka no Kuni (HEAVY)
HitSFXGroup: 0
MD5Hash: a1e30e06059c74324f9447fec72eee07
NotePrebufferTime: 1000
TimeOffset: -70
Volume: 0.5
Difficulty:
- Overall: 4
  Chordjack: 3.2236931562423705
  Handstream: 4.0934157371521
  Jack: 2.6595261096954346
  Jumpstream: 6.404709148406982
  Stamina: 5.462060308456421
  Stream: 5.7509234905242925
  Technical: 6.552365398406983
  Rate: 100
