Artist: Various Artists
AssetId: rbxassetid://0
CoverImageAssetId: ''
Description: ''
Filename: Chordjack Joker Dan PSI
HitSFXGroup: 0
Mapper: '[Crz]Rachel&Ice V'
MD5Hash: 2fc6ccf7c6abc671178eec2246275901
NotePrebufferTime: 1000
TimeOffset: -75
Volume: 0.5
Difficulty:
- Overall: 82
  Chordjack: 71.04959335327149
  Handstream: 41.68529434204102
  Jack: 41.486397171020506
  Jumpstream: 43.69139785766602
  Stamina: 70.97854614257812
  Stream: 36.19259719848633
  Technical: 42.004793930053715
  Rate: 100
