Artist: Toby Fox
AssetId: rbxassetid://10719200522
CoverImageAssetId: ''
Description: ''
Filename: Snowy (LIGHT)
HitSFXGroup: 0
MD5Hash: aefb47cbac5a54c989bcd29d8938709d
NotePrebufferTime: 1000
TimeOffset: -70
Volume: 0.5
Difficulty:
- Overall: 1
  Chordjack: 3.1806010007858276
  Handstream: 3.717000961303711
  Jack: 1.5921007990837097
  Jumpstream: 4.051800298690796
  Stamina: 4.886881399154663
  Stream: 6.402599859237671
  Technical: 5.688000583648682
  Rate: 100
