Artist: Kuroneko dungeon
AssetId: rbxassetid://10698215838
CoverImageAssetId: ''
Description: ''
Filename: Dragon and Girl and Decoherence (LIGHT)
HitSFXGroup: 0
MD5Hash: 31ffaba2fe2ebcf2e9c0a0dd7edf303e
NotePrebufferTime: 1000
TimeOffset: -70
Volume: 0.5
Difficulty:
- Overall: 8
  Chordjack: 6.807600116729737
  Handstream: 6.665400123596192
  Jack: 6.128100013732911
  Jumpstream: 12.544199752807618
  Stamina: 10.811197471618653
  Stream: 12.039299011230469
  Technical: 12.400199890136719
  Rate: 100
