Artist: ZUN
AssetId: rbxassetid://90640009761787
CoverImageAssetId: rbxassetid://8359925333
Description: ''
Filename: Star of Andromeda (Sped Up)
HitSFXGroup: 0
Mapper: Seiryuu
MD5Hash: c28b15b6f4bb34ee59a89bce04d60aa3
NotePrebufferTime: 1000
TimeOffset: -70
Volume: 0.5
Difficulty:
- Overall: 51
  Chordjack: 53.41228981018067
  Handstream: 43.10459747314453
  Jack: 30.958202362060547
  Jumpstream: 44.714695358276366
  Stamina: 49.81597709655762
  Stream: 29.547904586791994
  Technical: 34.45109596252441
  Rate: 100
