Artist: LeaF
AssetId: rbxassetid://10697997459
CoverImageAssetId: ''
Description: ''
Filename: Paraclete (HEAVY)
HitSFXGroup: 0
MD5Hash: 2794f78215db9560deaa174e97dd9a1f
NotePrebufferTime: 1000
TimeOffset: -70
Volume: 0.5
Difficulty:
- Overall: 29
  Chordjack: 23.410795783996583
  Handstream: 24.28469467163086
  Jack: 18.828897857666018
  Jumpstream: 36.797397994995116
  Stamina: 33.937660217285156
  Stream: 36.608398818969725
  Technical: 34.88489456176758
  Rate: 100
