Artist: Hujiko Pro
AssetId: rbxassetid://3056045355
CoverImageAssetId: ''
Description: ''
Filename: Kuro No Saihate
HitSFXGroup: 0
MD5Hash: b3b60ec5795c359e94e4475147431c35
NotePrebufferTime: 1000
TimeOffset: -70
Volume: 0.5
Difficulty:
- Overall: 35
  Chordjack: 22.877994918823244
  Handstream: 30.699000549316406
  Jack: 25.960495948791504
  Jumpstream: 34.075799560546876
  Stamina: 34.774231338500975
  Stream: 33.109198379516606
  Technical: 35.90549354553223
  Rate: 100
