Artist: Pokemon
AssetId: rbxassetid://250018951
CoverImageAssetId: --FILL IN COVERART ASSETID HERE--
Description: ''
Filename: Silph Co. (LIGHT)
HitSFXGroup: 0
MD5Hash: 7347381ade925932644b4682f710c051
NotePrebufferTime: 1200
TimeOffset: -80
Volume: 0.5
Difficulty:
- Overall: 7
  Chordjack: 8.309700679779054
  Handstream: 8.838000583648682
  Jack: 9.01170129776001
  Jumpstream: 12.454199409484863
  Stamina: 13.392359733581543
  Stream: 15.637500000000001
  Technical: 16.5392972946167
  Rate: 100
