Artist: KimuraYP
AssetId: rbxassetid://10697975980
CoverImageAssetId: --FILL IN COVERART ASSETID HERE--
Description: ''
Filename: Kouon Katsuzetsu-chuu Oniki Hayakuchi Test (Jumptrill)
HitSFXGroup: 0
MD5Hash: 0115b89fafd557c47c0f94fcb35b4263
NotePrebufferTime: 1500
TimeOffset: -75
Volume: 0.5
Difficulty:
- Overall: 0
  Chordjack: 28.058393669128417
  Handstream: 24.141594314575197
  Jack: 26.52030258178711
  Jumpstream: 38.76929969787598
  Stamina: 34.5257755279541
  Stream: 25.055996704101563
  Technical: 31.794299697875978
  Rate: 100
