Artist: WAV.AV
AssetId: rbxassetid://13867798838
CoverImageAssetId: ''
Description: ''
Filename: Double Agent
HitSFXGroup: 0
Mapper: '- Ran Mitake -'
MD5Hash: c098adb9ea41340342cf0e9b8fd67c98
NotePrebufferTime: 1000
TimeOffset: -75
Volume: 0.5
Difficulty:
- Overall: 65
  Chordjack: 57.775499725341795
  Handstream: 36.155696868896484
  Jack: 36.29520263671875
  Jumpstream: 35.92439346313477
  Stamina: 54.85344543457031
  Stream: 30.814202499389648
  Technical: 37.5281982421875
  Rate: 100
