Artist: DJ Sharpnel
AssetId: rbxassetid://5732633617
CoverImageAssetId: ''
Description: ''
Filename: Marunouchi Survivor
HitSFXGroup: 0
Mapper: IcyWorld
MD5Hash: b0ae2638130a3b995da6c506f94f7974
NotePrebufferTime: 1000
TimeOffset: -70
Volume: 0.5
Difficulty:
- Overall: 38
  Chordjack: 30.316501235961915
  Handstream: 34.86869316101075
  Jack: 25.319696044921876
  Jumpstream: 41.943593215942386
  Stamina: 41.9016529083252
  Stream: 35.69219741821289
  Technical: 36.85049629211426
  Rate: 100
