Artist: Yuyoyuppe
AssetId: rbxassetid://10024411784
CoverImageAssetId: --FILL IN COVERART ASSETID HERE--
Description: ''
Filename: AiAe (HEAVY)
HitSFXGroup: 0
Mapper: Fullerene-
MD5Hash: b0751812a52912c9969664cc8ad0bc57
NotePrebufferTime: 890
TimeOffset: -115
Volume: 0.5
Difficulty:
- Overall: 33
  Chordjack: 25.624793243408202
  Handstream: 35.854194259643556
  Jack: 22.763695907592773
  Jumpstream: 37.86479530334473
  Stamina: 37.82693367004395
  Stream: 34.5698959350586
  Technical: 34.79849739074707
  Rate: 100
