Artist: Fraxo Whales
AssetId: rbxassetid://392370456
CoverImageAssetId: ''
Description: ''
Filename: Dead To Me
HitSFXGroup: 0
MD5Hash: 93a2054caac33adf554e1813dd360e55
NotePrebufferTime: 1000
TimeOffset: -250
Volume: 0.5
Difficulty:
- Overall: 34
  Chordjack: 25.332294273376466
  Handstream: 27.767693710327148
  Jack: 28.93769989013672
  Jumpstream: 32.12820167541504
  Stamina: 21.413898468017578
  Stream: 28.002595138549804
  Technical: 32.700599670410156
  Rate: 100
