Artist: Kobaryo
AssetId: rbxassetid://1427359498
CoverImageAssetId: --FILL IN COVERART ASSETID HERE--
Description: ''
Filename: Necrophagiatoast
HitSFXGroup: 0
MD5Hash: ffd59eea95812fa3171e01cc1fc6bc0d
NotePrebufferTime: 1500
TimeOffset: -75
Volume: 0.5
Difficulty:
- Overall: 31
  Chordjack: 26.713794136047365
  Handstream: 20.474095344543457
  Jack: 22.326297569274903
  Jumpstream: 31.261500549316406
  Stamina: 27.753308486938476
  Stream: 30.897901153564455
  Technical: 32.37569961547852
  Rate: 100
