Artist: kamome sano
AssetId: rbxassetid://13155508394
CoverImageAssetId: ''
Description: ''
Filename: Elemental Creation (kamome sano Remix)
HitSFXGroup: 0
Mapper: TomisNotGood
MD5Hash: 5f4a53a57245aeecaf6198fa74654f6b
NotePrebufferTime: 1000
TimeOffset: -75
Volume: 0.5
Difficulty:
- Overall: 39
  Chordjack: 37.866597747802736
  Handstream: 37.755896759033206
  Jack: 29.58570098876953
  Jumpstream: 43.10459747314453
  Stamina: 40.80032844543457
  Stream: 34.50329818725586
  Technical: 40.881599807739256
  Rate: 100
