Artist: Ranzor
AssetId: rbxassetid://10049431405
CoverImageAssetId: ''
Description: ''
Filename: That Was Too Slow (HEAVY)
HitSFXGroup: 0
Mapper: Quick Draw
MD5Hash: c3f2c56ed23136423b6c35da9e205f62
NotePrebufferTime: 1000
TimeOffset: -70
Volume: 0.5
Difficulty:
- Overall: 27
  Chordjack: 27.51569480895996
  Handstream: 19.482297706604005
  Jack: 23.302796745300295
  Jumpstream: 31.77809829711914
  Stamina: 29.453120040893555
  Stream: 25.584296607971194
  Technical: 31.49100151062012
  Rate: 100
