Artist: DragonForce
AssetId: rbxassetid://10719174421
CoverImageAssetId: ''
Description: ''
Filename: Fury of the Storm (Majin Music Cover) (LIGHT)
HitSFXGroup: 0
MD5Hash: 701d15ea748f8400f0987198d4877071
NotePrebufferTime: 1000
TimeOffset: -330
Volume: 0.5
Difficulty:
- Overall: 16
  Chordjack: 12.963601112365723
  Handstream: 11.050200748443604
  Jack: 12.15629997253418
  Jumpstream: 19.216795921325684
  Stamina: 18.085717391967773
  Stream: 20.125797843933107
  Technical: 20.53619728088379
  Rate: 100
