Artist: Cres
AssetId: rbxassetid://13873076240
CoverImageAssetId: ''
Description: ''
Filename: End Time (Short Cut)
HitSFXGroup: 0
Mapper: Fullerene
MD5Hash: beebfb9c6e9893fba64f09faab8453f7
NotePrebufferTime: 1000
TimeOffset: -75
Volume: 0.5
Difficulty:
- Overall: 51
  Chordjack: 34.33769645690918
  Handstream: 29.86560173034668
  Jack: 31.299300384521484
  Jumpstream: 35.6598014831543
  Stamina: 48.99731369018555
  Stream: 53.78939895629883
  Technical: 49.7906982421875
  Rate: 100
