Artist: JOYRYDE
AssetId: rbxassetid://10049032186
CoverImageAssetId: ''
Description: ''
Filename: FUEL TANK
HitSFXGroup: 0
Mapper: Gekido-
MD5Hash: e0e9db59d0c856d5e09cee6579410486
NotePrebufferTime: 1000
TimeOffset: -70
Volume: 0.5
Difficulty:
- Overall: 44
  Chordjack: 35.31959609985352
  Handstream: 37.83779983520508
  Jack: 28.406694602966308
  Jumpstream: 41.927402114868165
  Stamina: 44.40938529968262
  Stream: 46.93319549560547
  Technical: 46.085401153564455
  Rate: 100
