Artist: Foreground Eclipse
AssetId: rbxassetid://10698002248
CoverImageAssetId: ''
Description: ''
Filename: Storytellers (LN)
HitSFXGroup: 0
MD5Hash: fa102cded1473c40cb420142bc6990b8
NotePrebufferTime: 1000
TimeOffset: -70
Volume: 0.5
Difficulty:
- Overall: 0
  Chordjack: 29.231996154785158
  Handstream: 33.763496017456056
  Jack: 21.458696937561037
  Jumpstream: 36.332096099853516
  Stamina: 36.29576568603516
  Stream: 31.589998626708987
  Technical: 34.19999656677246
  Rate: 100
