Artist: Camellia
AssetId: rbxassetid://13642341695
CoverImageAssetId: ''
Description: ''
Filename: K.Y.A.F.A.
HitSFXGroup: 0
Mapper: '[LS]SureFir3'
MD5Hash: b9bcfe2eb6ed26386a8534bd312fec79
NotePrebufferTime: 1000
TimeOffset: -75
Volume: 0.5
Difficulty:
- Overall: 52
  Chordjack: 38.17349395751953
  Handstream: 49.26689758300781
  Jack: 32.413499450683595
  Jumpstream: 47.39399642944336
  Stamina: 49.217634201049805
  Stream: 36.22499656677246
  Technical: 42.11369590759278
  Rate: 100
