Artist: Kofu
AssetId: rbxassetid://10080107969
CoverImageAssetId: ''
Description: ''
Filename: snow motion (LIGHT)
HitSFXGroup: 0
MD5Hash: 43f7e46d32c4fdb920c36bd806b150fe
NotePrebufferTime: 1000
TimeOffset: -70
Volume: 0.5
Difficulty:
- Overall: 16
  Chordjack: 10.870200920104981
  Handstream: 10.59300127029419
  Jack: 10.016099739074708
  Jumpstream: 13.700699615478516
  Stamina: 16.721591377258303
  Stream: 20.501097679138184
  Technical: 20.286896896362304
  Rate: 100
