Artist: Vaenus
AssetId: rbxassetid://10025030130
CoverImageAssetId: ''
Description: ''
Filename: Lazorbeamz (LIGHT)
HitSFXGroup: 0
Mapper: Random08
MD5Hash: f730b6a7bc39f161a395d2899f7d2fec
NotePrebufferTime: 1000
TimeOffset: -125
Volume: 0.5
Difficulty:
- Overall: 37
  Chordjack: 29.841304779052734
  Handstream: 36.83069686889649
  Jack: 24.64559383392334
  Jumpstream: 39.05189895629883
  Stamina: 38.61569023132324
  Stream: 29.57220497131348
  Technical: 38.05289840698242
  Rate: 100
