Artist: katagiri
AssetId: rbxassetid://13830775554
CoverImageAssetId: ''
Description: ''
Filename: Angel's Salad
HitSFXGroup: 0
Mapper: A_scend
MD5Hash: 8bc42880554a7b04ed7fb164de7ec291
NotePrebufferTime: 1000
TimeOffset: -75
Volume: 0.5
Difficulty:
- Overall: 47
  Chordjack: 37.751399230957034
  Handstream: 41.663702774047856
  Jack: 27.507595825195313
  Jumpstream: 49.122897720336915
  Stamina: 47.5051025390625
  Stream: 43.96499862670898
  Technical: 46.2851978302002
  Rate: 100
