Artist: Smiley vs. hi19hi19
AssetId: rbxassetid://10024133342
CoverImageAssetId: rbxassetid://8359967626
Description: ''
Filename: Destiny GAMMA (HEAVY)
HitSFXGroup: 0
Mapper: hi19hi19
MD5Hash: 57c4351078d91e6b6ff171090005a38a
NotePrebufferTime: 1000
TimeOffset: -70
Volume: 0.5
Difficulty:
- Overall: 52
  Chordjack: 35.432995605468754
  Handstream: 30.338103103637696
  Jack: 30.59549903869629
  Jumpstream: 55.5812931060791
  Stamina: 53.53948402404785
  Stream: 47.89079818725586
  Technical: 50.646598434448244
  Rate: 100
