Artist: DJ K1RA
AssetId: rbxassetid://10799504115
CoverImageAssetId: ''
Description: ''
Filename: I killed DJ Sharpnel
HitSFXGroup: 0
Mapper: N4aci
MD5Hash: b0e3f559931921c97f11281dc5ec7c69
NotePrebufferTime: 1000
TimeOffset: -75
Volume: 0.5
Difficulty:
- Overall: 44
  Chordjack: 33.893096923828125
  Handstream: 36.350096511840825
  Jack: 28.558795166015624
  Jumpstream: 44.782196044921875
  Stamina: 44.737416458129886
  Stream: 33.98129653930664
  Technical: 37.83329544067383
  Rate: 100
