Artist: Leger + Lambert
AssetId: rbxassetid://2826079696
CoverImageAssetId: ''
Description: Made by Slick6969
Filename: The Fitness Gram Pacer Test
HitSFXGroup: 0
Mapper: Slick6969
MD5Hash: a6c34c29bf60c412761115512cc804ce
NotePrebufferTime: 1000
TimeOffset: -70
Volume: 0.5
Difficulty:
- Overall: 0
  Chordjack: 36.143093490600585
  Handstream: 31.552202224731445
  Jack: 34.25849876403809
  Jumpstream: 34.7156982421875
  Stamina: 60.2513786315918
  Stream: 60.31168670654297
  Technical: 54.18899230957032
  Rate: 100
