Artist: Ariabl'eyeS
AssetId: rbxassetid://10024148016
CoverImageAssetId: ''
Description: ''
Filename: Romanesque Romancia
HitSFXGroup: 0
Mapper: '[Crz]Rachel'
MD5Hash: 277355903bdf12777524a75f3e383b1b
NotePrebufferTime: 1000
TimeOffset: 250
Volume: 0.5
Difficulty:
- Overall: 48
  Chordjack: 37.33739318847656
  Handstream: 46.52009582519531
  Jack: 30.54060173034668
  Jumpstream: 48.80699615478516
  Stamina: 48.75819282531739
  Stream: 40.64039840698242
  Technical: 42.48089675903321
  Rate: 100
