Artist: Camellia
AssetId: rbxassetid://10049472906
CoverImageAssetId: ''
Description: ''
Filename: Diastrophism (HEAVY)
HitSFXGroup: 0
Mapper: BaniiYanii
MD5Hash: 293930f742d91890e4cb3499e95790e6
NotePrebufferTime: 1000
TimeOffset: -70
Volume: 0.5
Difficulty:
- Overall: 42
  Chordjack: 34.61939964294434
  Handstream: 37.799996566772464
  Jack: 31.938299560546877
  Jumpstream: 42.967800521850585
  Stamina: 39.65199279785156
  Stream: 29.334605026245118
  Technical: 39.285897445678714
  Rate: 100
