Artist: Megurine Luka
AssetId: rbxassetid://10698545429
CoverImageAssetId: ''
Description: ''
Filename: NEXT STAGE (LIGHT)
HitSFXGroup: 0
Mapper: Slick6969
MD5Hash: fbe62ad77123ff15bfd7fa46e8e8f649
NotePrebufferTime: 1000
TimeOffset: -70
Volume: 0.5
Difficulty:
- Overall: 7
  Chordjack: 7.838101387023926
  Handstream: 8.224202156066895
  Jack: 8.802000617980957
  Jumpstream: 13.38840036392212
  Stamina: 12.595979690551758
  Stream: 12.863700199127198
  Technical: 14.146202087402344
  Rate: 100
