Artist: Kobaryo
AssetId: rbxassetid://10024512970
CoverImageAssetId: ''
Description: ''
Filename: Kick To The Sky (LIGHT)
HitSFXGroup: 0
Mapper: KH_Supernova
MD5Hash: 4b1198cfbf7b35f74bfce5ac2d2fcd91
NotePrebufferTime: 1000
TimeOffset: -70
Volume: 0.5
Difficulty:
- Overall: 30
  Chordjack: 22.82039566040039
  Handstream: 22.88159465789795
  Jack: 19.308596992492678
  Jumpstream: 31.859098434448242
  Stamina: 28.69955406188965
  Stream: 28.17629928588867
  Technical: 32.168696594238284
  Rate: 100
