Artist: t+pazolite
AssetId: rbxassetid://10698319760
CoverImageAssetId: ''
Description: ''
Filename: Censored!! (LIGHT)
HitSFXGroup: 0
Mapper: 'rinstea'
MD5Hash: 99e7470915b0cc8968b3fb2004878dfe
NotePrebufferTime: 1000
TimeOffset: 0
Volume: 0.5
Difficulty:
- Overall: 16
  Chordjack: 19.072796058654784
  Handstream: 14.788801002502442
  Jack: 16.5392972946167
  Jumpstream: 28.13939380645752
  Stamina: 26.82580318450928
  Stream: 24.5600944519043
  Technical: 27.686695289611816
  Rate: 100
