Artist: xi
AssetId: rbxassetid://10017940165
CoverImageAssetId: rbxassetid://8359749431
Description: ''
Filename: Ascension to Heaven
HitSFXGroup: 0
Mapper: MintApril_
MD5Hash: 2d1590fb39ad7d0517c05cd00caa1983
NotePrebufferTime: 1000
TimeOffset: -70
Volume: 0.5
Difficulty:
- Overall: 56
  Chordjack: 38.123097610473636
  Handstream: 35.66879653930664
  Jack: 31.674600219726564
  Jumpstream: 39.99599533081055
  Stamina: 53.926930618286136
  Stream: 56.546095275878905
  Technical: 51.88949546813965
  Rate: 100
