Artist: Katagiri
AssetId: rbxassetid://127723413190433
CoverImageAssetId: ''
Description: ''
Filename: STRONG 280
HitSFXGroup: 0
Mapper: 11Bit
MD5Hash: 7bf15b96c71b896c64cb930994375f40
NotePrebufferTime: 1000
TimeOffset: 31050
Volume: 0.5
Difficulty:
- Overall: 65
  Chordjack: 50.540394973754886
  Handstream: 58.09408950805664
  Jack: 37.005297088623045
  Jumpstream: 52.92899780273438
  Stamina: 58.0359992980957
  Stream: 41.09309349060059
  Technical: 51.922794342041016
  Rate: 100
