Artist: paraoka
AssetId: rbxassetid://10070189850
CoverImageAssetId: ''
Description: ''
Filename: boot
HitSFXGroup: 0
MD5Hash: bb7bc516a46eb4b5c257375e4e3f498f
NotePrebufferTime: 1000
TimeOffset: -70
Volume: 0.5
Difficulty:
- Overall: 37
  Chordjack: 36.584098434448244
  Handstream: 35.299796676635744
  Jack: 22.9004997253418
  Jumpstream: 32.921095275878905
  Stamina: 36.54751739501953
  Stream: 24.635694122314455
  Technical: 31.952701950073244
  Rate: 100
