Artist: Camellia
AssetId: rbxassetid://10156769713
CoverImageAssetId: ''
Description: ''
Filename: Exit this Earth's Atomosphere (LIGHT)
HitSFXGroup: 0
MD5Hash: cb84082af3cd9cb705329bfed8109f17
NotePrebufferTime: 1000
TimeOffset: 1790
Volume: 0.5
Difficulty:
- Overall: 29
  Chordjack: 21.754795646667482
  Handstream: 25.12079372406006
  Jack: 20.780996704101565
  Jumpstream: 30.583802032470704
  Stamina: 30.079752731323243
  Stream: 29.25180587768555
  Technical: 28.55789909362793
  Rate: 100
