Artist: Danny Baranowsky
AssetId: rbxassetid://13109617422
CoverImageAssetId: ''
Description: ''
Filename: Konga Conga Kappa (King Conga)
HitSFXGroup: 0
Mapper: selling femboys
MD5Hash: 79a5a5474e9c3542bc20ad3536d02f26
NotePrebufferTime: 1000
TimeOffset: -75
Volume: 0.5
Difficulty:
- Overall: 30
  Chordjack: 28.924904251098635
  Handstream: 28.055211067199707
  Jack: 24.11714458465576
  Jumpstream: 28.503542518615724
  Stamina: 26.15427417755127
  Stream: 22.18308734893799
  Technical: 28.52629623413086
  Rate: 100
