Artist: YOASOBI
AssetId: rbxassetid://5682340127
CoverImageAssetId: ''
Description: ''
Filename: Yoru ni Kakeru
HitSFXGroup: 0
Mapper: 11Bit
MD5Hash: f3558dfdb2c246ce77df801443c4d207
NotePrebufferTime: 1000
TimeOffset: -150
Volume: 0.5
Difficulty:
- Overall: 42
  Chordjack: 31.112100219726564
  Handstream: 42.81029777526856
  Jack: 21.571196937561037
  Jumpstream: 40.2470947265625
  Stamina: 42.76748886108398
  Stream: 38.57849464416504
  Technical: 40.752898406982425
  Rate: 100
