Artist: Chippy
AssetId: rbxassetid://1913447189
CoverImageAssetId: ''
Description: ''
Filename: Hitorigoto breakcore remix
HitSFXGroup: 0
MD5Hash: 12447336d01b259fc11c4507c6b71a77
NotePrebufferTime: 1000
TimeOffset: -70
Volume: 0.5
Difficulty:
- Overall: 36
  Chordjack: 31.243500137329104
  Handstream: 22.164295578002932
  Jack: 24.746395111083984
  Jumpstream: 25.84889545440674
  Stamina: 29.7802791595459
  Stream: 21.947394561767577
  Technical: 28.38599395751953
  Rate: 100
