Artist: C-CLAYS
AssetId: rbxassetid://0
CoverImageAssetId: ''
Description: ''
Filename: To the Limit
HitSFXGroup: 0
Mapper: Soir_Dee
MD5Hash: 5d6de66186586e4217214bc1c8a7e4f2
NotePrebufferTime: 1000
TimeOffset: -75
Volume: 0.5
Difficulty:
- Overall: 39
  Chordjack: 36.83339881896973
  Handstream: 32.628601455688475
  Jack: 26.33309555053711
  Jumpstream: 32.279404449462895
  Stamina: 36.50318069458008
  Stream: 27.048593902587893
  Technical: 32.20290184020996
  Rate: 100
