Artist: REDALiCE
AssetId: rbxassetid://10698493463
CoverImageAssetId: ''
Description: ''
Filename: Masakari Blade (LIGHT)
HitSFXGroup: 0
MD5Hash: e0bf17b9b270478f070b7e04e4e58cdd
NotePrebufferTime: 940
TimeOffset: -90
Volume: 0.5
Difficulty:
- Overall: 20
  Chordjack: 14.756401634216308
  Handstream: 15.285599327087402
  Jack: 11.57129945755005
  Jumpstream: 25.897496223449707
  Stamina: 24.27928047180176
  Stream: 23.52509651184082
  Technical: 23.211896896362305
  Rate: 100
