Artist: Kitsune^2
AssetId: rbxassetid://10044109720
CoverImageAssetId: ''
Description: ''
Filename: Rainbow Tylenol (HEAVY)
HitSFXGroup: 0
MD5Hash: 49a73fa9c5fb4c75c72d321f4d0b6450
NotePrebufferTime: 920
TimeOffset: -110
Volume: 0.5
Difficulty:
- Overall: 17
  Chordjack: 12.899700164794922
  Handstream: 13.39289960861206
  Jack: 16.107299423217775
  Jumpstream: 16.096498489379883
  Stamina: 22.979093170166017
  Stream: 26.63009719848633
  Technical: 28.739700508117675
  Rate: 100
