Artist: KOTOKO
AssetId: rbxassetid://10024399497
CoverImageAssetId: ''
Description: ''
Filename: Light My Fire
HitSFXGroup: 0
Mapper: Skwid
MD5Hash: 7dedc0ee0e22224407d03cdfe2453fe4
NotePrebufferTime: 1000
TimeOffset: -70
Volume: 0.5
Difficulty:
- Overall: 47
  Chordjack: 32.230800247192384
  Handstream: 30.60000343322754
  Jack: 26.24399471282959
  Jumpstream: 41.50169906616211
  Stamina: 46.75073318481446
  Stream: 50.37929420471192
  Technical: 47.64599533081055
  Rate: 100
