Artist: Camellia
AssetId: rbxassetid://13876354502
CoverImageAssetId: ''
Description: ''
Filename: Bring Our Ignition Back
HitSFXGroup: 0
Mapper: '[Crz]hinako1804'
MD5Hash: c5600208a057669eb5b5bba8ca7b4f9f
NotePrebufferTime: 1000
TimeOffset: -75
Volume: 0.5
Difficulty:
- Overall: 42
  Chordjack: 45.50129585266114
  Handstream: 38.87279777526856
  Jack: 31.52520332336426
  Jumpstream: 38.72069892883301
  Stamina: 44.61146850585938
  Stream: 30.096002197265626
  Technical: 38.16899642944336
  Rate: 100
