Artist: Zutt
AssetId: rbxassetid://10698125817
CoverImageAssetId: ''
Description: ''
Filename: HYMN (LIGHT)
HitSFXGroup: 0
MD5Hash: 34c26fa2bd64d3ccf570c10e59e45028
NotePrebufferTime: 1000
TimeOffset: -105
Volume: 0.5
Difficulty:
- Overall: 18
  Chordjack: 12.447900295257568
  Handstream: 11.921400260925294
  Jack: 17.187296676635743
  Jumpstream: 21.855595207214357
  Stamina: 20.65485134124756
  Stream: 24.031794548034668
  Technical: 23.7581937789917
  Rate: 100