Artist: Qrispy Joybox feat.Chata
AssetId: rbxassetid://10719167134
CoverImageAssetId: ''
Description: ''
Filename: Yuuki no Pendant (LIGHT)
HitSFXGroup: 0
MD5Hash: 6f92e742a8ac8d077f9299cae83992b8
NotePrebufferTime: 1000
TimeOffset: -90
Volume: 0.5
Difficulty:
- Overall: 6
  Chordjack: 7.885800933837891
  Handstream: 7.403402423858643
  Jack: 6.257700061798096
  Jumpstream: 14.813101387023925
  Stamina: 13.39763231277466
  Stream: 13.842000961303711
  Technical: 14.101202774047852
  Rate: 100
