Artist: Kobaryo
AssetId: rbxassetid://83031278727886
CoverImageAssetId: ''
Description: ''
Filename: Bookmaker
HitSFXGroup: 0
Mapper: '[Crz]Rachel'
MD5Hash: ccd02a4e3ab7efc200dc33419be13624
NotePrebufferTime: 1000
TimeOffset: -75
Volume: 0.5
Difficulty:
- Overall: 43
  Chordjack: 40.606200027465825
  Handstream: 35.48969535827637
  Jack: 27.608393669128418
  Jumpstream: 36.791098022460936
  Stamina: 40.56559867858887
  Stream: 32.8473014831543
  Technical: 36.84419975280762
  Rate: 100
