Artist: WE EAT AT FIVE FIVE FIVE (guys)
AssetId: rbxassetid://10698106197
CoverImageAssetId: ''
Description: ''
Filename: Cardboard Box vs. STereochan (LIGHT)
HitSFXGroup: 0
Mapper: 'Cokiiplay'
MD5Hash: aa926a1812ca427b7b973e0e610cae60
NotePrebufferTime: 1000
TimeOffset: 0
Volume: 0.5
Difficulty:
- Overall: 32
  Chordjack: 23.34239559173584
  Handstream: 25.011896896362305
  Jack: 27.809095001220705
  Jumpstream: 32.74740142822266
  Stamina: 30.84616928100586
  Stream: 36.34559898376465
  Technical: 35.964898681640626
  Rate: 100
