Artist: John Stump
AssetId: rbxassetid://12994256029
CoverImageAssetId: ''
Description: ''
Filename: Death Waltz
HitSFXGroup: 0
Mapper: aewyuii
MD5Hash: 9646923f24a86647a4d874c482a21141
NotePrebufferTime: 1000
TimeOffset: -75
Volume: 0.5
Difficulty:
- Overall: 0
  Chordjack: 36.75059967041016
  Handstream: 36.27449684143067
  Jack: 35.288099670410155
  Jumpstream: 43.45649642944336
  Stamina: 46.04628982543945
  Stream: 51.830996704101565
  Technical: 52.442996978759766
  Rate: 100
