Artist: Morimori Atsushi + Verdammt
AssetId: rbxassetid://10065385086
CoverImageAssetId: ''
Description: ''
Filename: Le Fruit Defendu (LIGHT)
HitSFXGroup: 0
Mapper: 'Luthfeh'
MD5Hash: 3d847888043dec045b03a82b89fa78ad
NotePrebufferTime: 1000
TimeOffset: -1170
Volume: 0.5
Difficulty:
- Overall: 25
  Chordjack: 17.087398338317872
  Handstream: 20.27699546813965
  Jack: 14.29290132522583
  Jumpstream: 28.764902114868164
  Stamina: 27.148229598999023
  Stream: 26.720094108581545
  Technical: 27.17549457550049
  Rate: 100
