Artist: Wakeshima Kanon
AssetId: rbxassetid://10080041535
CoverImageAssetId: ''
Description: ''
Filename: Tsukinami
HitSFXGroup: 0
MD5Hash: f5ca335fb8762f011ab2636307fdd241
NotePrebufferTime: 1000
TimeOffset: -70
Volume: 0.5
Difficulty:
- Overall: 33
  Chordjack: 26.964893531799316
  Handstream: 25.910094451904296
  Jack: 20.384098434448244
  Jumpstream: 34.56629447937012
  Stamina: 34.531728744506836
  Stream: 29.147404861450195
  Technical: 30.492903900146484
  Rate: 100
