Artist: Dormir
AssetId: rbxassetid://10719186421
CoverImageAssetId: ''
Description: ''
Filename: Une mage blanche (HEAVY)
HitSFXGroup: 0
MD5Hash: 308b7564e78d29dd2e8f5f775d3e632c
NotePrebufferTime: 1000
TimeOffset: -70
Volume: 0.5
Difficulty:
- Overall: 19
  Chordjack: 12.945600700378419
  Handstream: 13.599000549316406
  Jack: 10.927799320220947
  Jumpstream: 21.411896896362304
  Stamina: 20.240050506591796
  Stream: 19.05029811859131
  Technical: 20.296796607971192
  Rate: 100
