Artist: Dr. Peacock
AssetId: rbxassetid://11469856360
CoverImageAssetId: ''
Description: ''
Filename: Trip to Valhalla (Speedup Ver.)
HitSFXGroup: 0
Mapper: Gloop
MD5Hash: bbae084633af5cf9c3c44c32fbc25126
NotePrebufferTime: 1000
TimeOffset: -75
Volume: 0.5
Difficulty:
- Overall: 47
  Chordjack: 38.057399368286134
  Handstream: 43.7993968963623
  Jack: 35.92529983520508
  Jumpstream: 48.03119316101074
  Stamina: 44.55626220703125
  Stream: 37.90169906616211
  Technical: 44.801095962524414
  Rate: 100
