Artist: t+pazolite with siromaru
AssetId: rbxassetid://10046697908
CoverImageAssetId: ''
Description: ''
Filename: Chambarising
HitSFXGroup: 0
Mapper: Evening
MD5Hash: 8bdbe5a36450ed724b01c649ff64aca8
NotePrebufferTime: 1000
TimeOffset: -320
Volume: 0.5
Difficulty:
- Overall: 43
  Chordjack: 35.758798599243164
  Handstream: 43.06319961547852
  Jack: 25.53479633331299
  Jumpstream: 42.34409637451172
  Stamina: 42.10868339538575
  Stream: 37.255496978759766
  Technical: 41.805000686645506
  Rate: 100
