Artist: KAKU P-MODEL
AssetId: rbxassetid://10037927544
CoverImageAssetId: ''
Description: ''
Filename: Big Brother
HitSFXGroup: 0
Mapper: Wh1teh
MD5Hash: d4bfab5a9a9c4181ab32b2995f7688c5
NotePrebufferTime: 1000
TimeOffset: -70
Volume: 0.5
Difficulty:
- Overall: 44
  Chordjack: 29.548804092407227
  Handstream: 27.071095275878907
  Jack: 27.144894218444826
  Jumpstream: 50.127298736572264
  Stamina: 47.665811920166014
  Stream: 46.82069549560547
  Technical: 46.3373966217041
  Rate: 100
