Artist: Studio EIM
AssetId: rbxassetid://10017942219
CoverImageAssetId: ''
Description: ''
Filename: Crescent Moon Island Boss Theme
HitSFXGroup: 0
Mapper: Shoegazer
MD5Hash: a988de4aab87f85d996809f47c343b4a
NotePrebufferTime: 1000
TimeOffset: -75
Volume: 0.5
Difficulty:
- Overall: 54
  Chordjack: 38.1248966217041
  Handstream: 50.75189552307129
  Jack: 28.030500411987305
  Jumpstream: 57.28139305114746
  Stamina: 55.33985137939453
  Stream: 56.753091430664064
  Technical: 56.171694946289065
  Rate: 100
