Artist: Terminal 11
AssetId: rbxassetid://3040322144
CoverImageAssetId: ''
Description: ''
Filename: Reluctantly Accepting Temporary Overexhaustion
HitSFXGroup: 0
Mapper: ceteka
MD5Hash: 8edeec1ebedfd29242d84696173ee746
NotePrebufferTime: 1000
TimeOffset: -70
Volume: 0.5
Difficulty:
- Overall: 38
  Chordjack: 25.99109630584717
  Handstream: 23.577297019958497
  Jack: 25.84709644317627
  Jumpstream: 39.609897994995116
  Stamina: 37.611584472656254
  Stream: 41.589895248413086
  Technical: 41.60610008239746
  Rate: 100
