Artist: LeaF
AssetId: rbxassetid://10697997459
CoverImageAssetId: ''
Description: ''
Filename: Paraclete (LIGHT)
HitSFXGroup: 0
MD5Hash: 8c5a7043b5958c118a6b7f0c5073e065
NotePrebufferTime: 1000
TimeOffset: -70
Volume: 0.5
Difficulty:
- Overall: 25
  Chordjack: 20.785497665405273
  Handstream: 18.291597747802737
  Jack: 17.14409809112549
  Jumpstream: 30.096002197265626
  Stamina: 31.958658599853518
  Stream: 34.22069549560547
  Technical: 33.12629928588867
  Rate: 100
