Artist: Camellia
AssetId: rbxassetid://10027930218
CoverImageAssetId: ''
Description: ''
Filename: Dreamless Wanderer
HitSFXGroup: 0
Mapper: Fullerene-
MD5Hash: 68757fe639343373fbb74eeb1be8310d
NotePrebufferTime: 1000
TimeOffset: -70
Volume: 0.5
Difficulty:
- Overall: 45
  Chordjack: 28.8035945892334
  Handstream: 29.11409568786621
  Jack: 26.0387975692749
  Jumpstream: 41.49270057678223
  Stamina: 42.88194236755371
  Stream: 44.78309555053711
  Technical: 44.158498764038086
  Rate: 100
