Artist: Laur
AssetId: rbxassetid://10799508746
CoverImageAssetId: ''
Description: ''
Filename: laur chan taiso dai ichi
HitSFXGroup: 0
Mapper: aewyuii
MD5Hash: 4e0a643b0fbae0148e77e9e61291050c
NotePrebufferTime: 1000
TimeOffset: -75
Volume: 0.5
Difficulty:
- Overall: 46
  Chordjack: 38.35349807739258
  Handstream: 38.490298461914065
  Jack: 29.715301895141604
  Jumpstream: 40.954500961303715
  Stamina: 39.27354469299316
  Stream: 32.346901702880864
  Technical: 38.435401153564456
  Rate: 100
