Artist: Infected Mushroom
AssetId: rbxassetid://3137651463
CoverImageAssetId: ''
Description: ''
Filename: Sa'eed
HitSFXGroup: 0
MD5Hash: 6d37b0e3c762db9978a4466063e35f8b
NotePrebufferTime: 1000
TimeOffset: 0
Volume: 0.5
Difficulty:
- Overall: 40
  Chordjack: 33.34679832458496
  Handstream: 40.411796951293944
  Jack: 25.82549629211426
  Jumpstream: 43.57529640197754
  Stamina: 43.531725311279295
  Stream: 40.46669425964355
  Technical: 40.86719741821289
  Rate: 100
