Artist: DJ Sharpnel
AssetId: rbxassetid://10029223028
CoverImageAssetId: ''
Description: ''
Filename: Pacific Girls (HEAVY)
HitSFXGroup: 0
Mapper: IcyWorld
MD5Hash: 7407a624ac962e2d7d16dbedad801a0f
NotePrebufferTime: 1000
TimeOffset: -70
Volume: 0.5
Difficulty:
- Overall: 42
  Chordjack: 30.717900466918945
  Handstream: 40.88429489135742
  Jack: 27.357294273376464
  Jumpstream: 44.36820030212402
  Stamina: 44.32383613586426
  Stream: 34.72739868164063
  Technical: 38.50649642944336
  Rate: 100
