Artist: tofubeats
AssetId: rbxassetid://10025054517
CoverImageAssetId: ''
Description: ''
Filename: STAKEHOLDER (Zekk's Breakkore Edit) (LIGHT)
HitSFXGroup: 0
Mapper: Hydria
MD5Hash: 1a29cda2b4ad7cd6a64948ed5b8208b2
NotePrebufferTime: 1000
TimeOffset: -70
Volume: 0.5
Difficulty:
- Overall: 37
  Chordjack: 28.334286117553713
  Handstream: 22.336109733581544
  Jack: 20.79731311798096
  Jumpstream: 41.15235443115235
  Stamina: 37.81320419311523
  Stream: 37.49640312194824
  Technical: 35.24316215515137
  Rate: 100
