Artist: Kanemoto Hisako & Iwami Manaka & Ookubo Rumi
AssetId: rbxassetid://13867558795
CoverImageAssetId: ''
Description: ''
Filename: GAMERS!
HitSFXGroup: 0
Mapper: Ska
MD5Hash: bfcd92ee52ffa71c1f35e7a604c35767
NotePrebufferTime: 1000
TimeOffset: -75
Volume: 0.5
Difficulty:
- Overall: 46
  Chordjack: 31.73940238952637
  Handstream: 26.66879482269287
  Jack: 24.545695495605468
  Jumpstream: 41.38650054931641
  Stamina: 45.558613586425786
  Stream: 48.43979530334473
  Technical: 46.93139991760254
  Rate: 100
