Artist: Lon
AssetId: rbxassetid://13867580173
CoverImageAssetId: ''
Description: ''
Filename: Ochame Kinou
HitSFXGroup: 0
Mapper: Lynessa
MD5Hash: 0a093e6885db828791433db6071c0fb5
NotePrebufferTime: 1000
TimeOffset: -75
Volume: 0.5
Difficulty:
- Overall: 43
  Chordjack: 42.56909637451172
  Handstream: 42.39360008239746
  Jack: 35.873997116088866
  Jumpstream: 35.30069618225098
  Stamina: 40.19096832275391
  Stream: 29.65500411987305
  Technical: 39.83849945068359
  Rate: 100
