Artist: Frums
AssetId: rbxassetid://10054492772
CoverImageAssetId: ''
Description: ''
Filename: Theyaremanycolors (HEAVY)
HitSFXGroup: 0
Mapper: IIDXAvalon
MD5Hash: 5ad88ca3a93d68feeaa74e8f1f7c3e31
NotePrebufferTime: 1000
TimeOffset: -75
Volume: 0.6
Difficulty:
- Overall: 27
  Chordjack: 22.771796607971194
  Handstream: 21.6359956741333
  Jack: 23.435995674133302
  Jumpstream: 32.99579887390137
  Stamina: 34.14687080383301
  Stream: 34.91729736328125
  Technical: 37.92509651184082
  Rate: 100
