Artist: Demonicity
AssetId: rbxassetid://10024098786
CoverImageAssetId: rbxassetid://8359911027
Description: ''
Filename: miami hotline vol.3
HitSFXGroup: 0
Mapper: jordan1806
MD5Hash: d8368036144b5552a99a059e3661918b
NotePrebufferTime: 1000
TimeOffset: -70
Volume: 0.5
Difficulty:
- Overall: 53
  Chordjack: 53.49689483642578
  Handstream: 28.781999588012695
  Jack: 32.28299903869629
  Jumpstream: 30.6783016204834
  Stamina: 49.74838027954102
  Stream: 28.565998077392578
  Technical: 32.22990074157715
  Rate: 100
