Artist: Xtrullor & Panda Party
AssetId: rbxassetid://10719062579
CoverImageAssetId: ''
Description: ''
Filename: Sheol (LIGHT)
HitSFXGroup: 0
Mapper: honrik567
MD5Hash: 2b5c119e09b21140e0b8688ecfac9133
NotePrebufferTime: 1000
TimeOffset: -62
Volume: 0.5
Difficulty:
- Overall: 35
  Chordjack: 23.665496635437012
  Handstream: 27.352793312072755
  Jack: 26.410495948791503
  Jumpstream: 33.28020057678223
  Stamina: 32.05196685791016
  Stream: 32.896798324584964
  Technical: 36.741597747802736
  Rate: 100
