Artist: xi
AssetId: rbxassetid://10064708120
CoverImageAssetId: ''
Description: ''
Filename: Freedom Dive (tpz Overcute Remix) (LIGHT)
HitSFXGroup: 0
Mapper: BluElecS
MD5Hash: f4557cd6bc652bd48eabbd8fab8dcb9e
NotePrebufferTime: 1000
TimeOffset: -75
Volume: 0.5
Difficulty:
- Overall: 27
  Chordjack: 20.272496223449707
  Handstream: 20.42099533081055
  Jack: 23.776194190979005
  Jumpstream: 30.131100082397463
  Stamina: 28.304314041137697
  Stream: 26.725496292114258
  Technical: 30.588299560546876
  Rate: 100
