Artist: DJ Okawari
AssetId: rbxassetid://3007738420
CoverImageAssetId: ''
Description: ''
Filename: Flower Dance (Speed up ver.)
HitSFXGroup: 0
MD5Hash: 5cac06f0652fab42b2fea6b4fe2c74fc
NotePrebufferTime: 1000
TimeOffset: -70
Volume: 0.5
Difficulty:
- Overall: 38
  Chordjack: 37.95839881896973
  Handstream: 26.117995262145996
  Jack: 22.198499107360842
  Jumpstream: 26.99909534454346
  Stamina: 36.68705749511719
  Stream: 22.53329544067383
  Technical: 26.41589469909668
  Rate: 100
