Artist: Camellia
AssetId: rbxassetid://9512711709
CoverImageAssetId: rbxassetid://8359839226
Description: ''
Filename: Speedrun
HitSFXGroup: 0
Mapper: A_scend
MD5Hash: e8c59d7ae43b1e4aa1e4fbefc04b1e90
NotePrebufferTime: 1000
TimeOffset: -75
Volume: 0.5
Difficulty:
- Overall: 39
  Chordjack: 29.186996841430666
  Handstream: 40.60439758300782
  Jack: 25.3016939163208
  Jumpstream: 40.78709678649903
  Stamina: 40.7463134765625
  Stream: 34.74539566040039
  Technical: 37.25909500122071
  Rate: 100
