Artist: Carlito
AssetId: rbxassetid://13583395890
CoverImageAssetId: ''
Description: ''
Filename: Who's That Boy
HitSFXGroup: 0
Mapper: Evening
MD5Hash: abe3bfb3f28a90cef48469a20ad7ac7f
NotePrebufferTime: 1000
TimeOffset: -75
Volume: 0.5
Difficulty:
- Overall: 43
  Chordjack: 45.813592529296876
  Handstream: 35.51579818725586
  Jack: 28.860301208496093
  Jumpstream: 34.169399642944335
  Stamina: 45.76778297424317
  Stream: 26.49689483642578
  Technical: 30.846601867675783
  Rate: 100
