Artist: Hatsuki Yura
AssetId: rbxassetid://5574223191
CoverImageAssetId: rbxassetid://8356885626
Description: ''
Filename: The Clockwork Rose -Tokei Shikake no Bara Shoujo-
HitSFXGroup: 0
Mapper: A_scend
MD5Hash: 99ae6b42298af101535817b186f8216a
NotePrebufferTime: 1000
TimeOffset: -70
Volume: 0.5
Difficulty:
- Overall: 41
  Chordjack: 39.763802719116214
  Handstream: 36.10889511108399
  Jack: 20.900697898864745
  Jumpstream: 36.545395660400395
  Stamina: 36.039605712890626
  Stream: 28.122294616699218
  Technical: 30.969899368286132
  Rate: 100
