Artist: Yooh
AssetId: rbxassetid://10698134301
CoverImageAssetId: ''
Description: ''
Filename: LegenD. (LIGHT)
HitSFXGroup: 0
MD5Hash: e278e862335b57f2277ed99b29eab962
NotePrebufferTime: 1000
TimeOffset: -75
Volume: 0.5
Difficulty:
- Overall: 25
  Chordjack: 23.935495948791505
  Handstream: 30.144602966308593
  Jack: 23.696095275878907
  Jumpstream: 32.17950096130371
  Stamina: 32.259210205078126
  Stream: 28.586695289611818
  Technical: 35.046894836425786
  Rate: 100
