Artist: KopophobiA & Spacechimp
AssetId: rbxassetid://13872283247
CoverImageAssetId: ''
Description: ''
Filename: No time to die
HitSFXGroup: 0
Mapper: Ena
MD5Hash: a079348a949c64e13e36223a4ad00b0e
NotePrebufferTime: 1000
TimeOffset: -75
Volume: 0.5
Difficulty:
- Overall: 65
  Chordjack: 57.908695220947266
  Handstream: 34.03439826965332
  Jack: 34.33679695129395
  Jumpstream: 35.756096649169926
  Stamina: 57.850790405273436
  Stream: 32.03010063171387
  Technical: 36.34199409484864
  Rate: 100
