Artist: cosMo VS dj TAKA
AssetId: rbxassetid://10070097205
CoverImageAssetId: --FILL IN COVERART ASSETID HERE--
Description: ''
Filename: Kyokuken  (HEAVY)
HitSFXGroup: 0
MD5Hash: d68ca9cb932175c63d1285915c25a863
NotePrebufferTime: 880
TimeOffset: -75
Volume: 0.5
Difficulty:
- Overall: 39
  Chordjack: 25.11269474029541
  Handstream: 26.208895111083987
  Jack: 33.214498901367186
  Jumpstream: 35.189095687866214
  Stamina: 24.57873001098633
  Stream: 35.92079887390137
  Technical: 36.65340156555176
  Rate: 100
