Artist: Noisestorm
AssetId: rbxassetid://460944705
CoverImageAssetId: ''
Description: ''
Filename: Barracuda (LIGHT)
HitSFXGroup: 0
MD5Hash: 584626ea9e5754f0ba56fac7c55cb857
NotePrebufferTime: 1000
TimeOffset: -70
Volume: 0.5
Difficulty:
- Overall: 27
  Chordjack: 15.56100082397461
  Handstream: 22.81589641571045
  Jack: 16.158596992492676
  Jumpstream: 24.65009479522705
  Stamina: 22.016429901123047
  Stream: 24.695097541809083
  Technical: 25.293594932556154
  Rate: 100
