Artist: myon
AssetId: rbxassetid://74713686806792
CoverImageAssetId: ''
Description: ''
Filename: Plastic Mind (HEAVY)
HitSFXGroup: 0
Mapper: -Tsunimo
MD5Hash: a212766fed95cd0e9cb2fd09b2e03a07
NotePrebufferTime: 1000
TimeOffset: -2850
Volume: 0.5
Difficulty:
- Overall: 37
  Chordjack: 27.73349533081055
  Handstream: 42.29280052185059
  Jack: 23.608796882629395
  Jumpstream: 39.68549766540527
  Stamina: 40.92976455688477
  Stream: 37.35719604492188
  Technical: 37.99170112609863
  Rate: 100
