Artist: Mr. Asyu
AssetId: rbxassetid://10064701849
CoverImageAssetId: ''
Description: ''
Filename: Haunted Dance (LIGHT)
HitSFXGroup: 0
Mapper: wolfyou
MD5Hash: 8d7db636a0ef547602dceb4d6e001fff
NotePrebufferTime: 1000
TimeOffset: -70
Volume: 0.5
Difficulty:
- Overall: 32
  Chordjack: 17.09369831085205
  Handstream: 15.582599258422851
  Jack: 13.774501132965089
  Jumpstream: 30.205803680419923
  Stamina: 30.17560157775879
  Stream: 28.455295372009278
  Technical: 28.614593696594238
  Rate: 100
