Artist: The Living Tombstone
AssetId: rbxassetid://13547548347
CoverImageAssetId: ''
Description: ''
Filename: Cats (Sped Up)
HitSFXGroup: 0
Mapper: Sylcilus & A_scend
MD5Hash: dc0fd6773a7fbea93ce6cd69869ccf63
NotePrebufferTime: 1000
TimeOffset: -75
Volume: 0.5
Difficulty:
- Overall: 42
  Chordjack: 45.08491744995117
  Handstream: 29.493779754638673
  Jack: 27.240107917785647
  Jumpstream: 29.862068939208985
  Stamina: 42.58524971008301
  Stream: 25.120908737182617
  Technical: 29.13428649902344
  Rate: 100
