Artist: Kokonatsu Produced
AssetId: rbxassetid://10698127035
CoverImageAssetId: ''
Description: ''
Filename: Kokonatsu wa yume no katachi (HEAVY)
HitSFXGroup: 0
MD5Hash: 11467fcb27f715d6b1091c304f0a536b
NotePrebufferTime: 1000
TimeOffset: -510
Volume: 0.5
Difficulty:
- Overall: 31
  Chordjack: 24.5285945892334
  Handstream: 28.12229633331299
  Jack: 22.457697486877443
  Jumpstream: 35.011800384521486
  Stamina: 30.97383041381836
  Stream: 31.30200233459473
  Technical: 34.64639511108398
  Rate: 100
