Artist: U.T.D & Friends
AssetId: rbxassetid://10719204224
CoverImageAssetId: ''
Description: ''
Filename: Lesson By DJ (HEAVY)
HitSFXGroup: 0
MD5Hash: bdef3e7482d83f091b6d2fd434179856
NotePrebufferTime: 1000
TimeOffset: -70
Volume: 0.5
Difficulty:
- Overall: 3
  Chordjack: 4.696200799942017
  Handstream: 5.820300006866455
  Jack: 8.882101249694825
  Jumpstream: 10.093500995635987
  Stamina: 8.987480735778808
  Stream: 8.71560173034668
  Technical: 10.821600151062013
  Rate: 100
