Artist: The Queenstons
AssetId: rbxassetid://13025055849
CoverImageAssetId: ''
Description: ''
Filename: Amber Starlight, Don't Fall
HitSFXGroup: 0
Mapper: IcyWorld
MD5Hash: f91077c8cdffabd5648e4275d458fc1c
NotePrebufferTime: 1000
TimeOffset: -90
Volume: 0.5
Difficulty:
- Overall: 48
  Chordjack: 33.44579887390137
  Handstream: 28.647894287109377
  Jack: 27.54360008239746
  Jumpstream: 38.04029502868652
  Stamina: 41.636875534057616
  Stream: 46.707299423217776
  Technical: 43.914598846435545
  Rate: 100
