Artist: xi
AssetId: rbxassetid://98541603311498
CoverImageAssetId: ''
Description: ''
Filename: Thanatos (LIGHT)
HitSFXGroup: 0
Mapper: wolfyou
MD5Hash: b52da5a35414791fd1b9e891088e36ea
NotePrebufferTime: 1000
TimeOffset: -70
Volume: 0.5
Difficulty:
- Overall: 34
  Chordjack: 29.785501098632814
  Handstream: 29.074500274658202
  Jack: 24.277498626708987
  Jumpstream: 37.17899780273438
  Stamina: 32.897735595703125
  Stream: 31.072501373291015
  Technical: 36.80639991760254
  Rate: 100
