Artist: sana
AssetId: rbxassetid://13641779225
CoverImageAssetId: ''
Description: ''
Filename: babyhalo
HitSFXGroup: 0
Mapper: '[LS]SureFir3'
MD5Hash: caffaf7a43933038dce587fd8e295d01
NotePrebufferTime: 1000
TimeOffset: -75
Volume: 0.5
Difficulty:
- Overall: 59
  Chordjack: 40.35239868164063
  Handstream: 34.786796951293944
  Jack: 32.951699066162114
  Jumpstream: 51.934494781494145
  Stamina: 58.70841064453125
  Stream: 60.29279708862305
  Technical: 53.77139511108398
  Rate: 100
