Artist: DETRO
AssetId: rbxassetid://10017712774
CoverImageAssetId: rbxassetid://8357119331
Description: ''
Filename: Volcanic
HitSFXGroup: 0
Mapper: ATTang
MD5Hash: ed1b0c08d221b48238a24bf8642fff4e
NotePrebufferTime: 1000
TimeOffset: 0
Volume: 0.5
Difficulty:
- Overall: 63
  Chordjack: 46.36889991760254
  Handstream: 34.92359733581543
  Jack: 36.569696044921876
  Jumpstream: 48.713396072387695
  Stamina: 52.891946411132814
  Stream: 57.28859939575195
  Technical: 51.65099601745606
  Rate: 100
