Artist: DJ SHARPNEL
AssetId: rbxassetid://10024704824
CoverImageAssetId: ''
Description: ''
Filename: Lolit Speed
HitSFXGroup: 0
Mapper: IcyWorld
MD5Hash: c50563750f7aa7f6e72dd62278fabe22
NotePrebufferTime: 1000
TimeOffset: -70
Volume: 0.5
Difficulty:
- Overall: 48
  Chordjack: 35.1008960723877
  Handstream: 26.773194122314454
  Jack: 30.62159843444824
  Jumpstream: 43.37279777526856
  Stamina: 43.32942581176758
  Stream: 36.70019989013672
  Technical: 36.87929763793945
  Rate: 100
