Artist: DOT96
AssetId: rbxassetid://10694166506
CoverImageAssetId: ''
Description: ''
Filename: MAKE IT FUNKY NOW(BMS EDIT)
HitSFXGroup: 0
MD5Hash: 0998266f6e5a2a039f8d9d0cac3069c8
NotePrebufferTime: 1000
TimeOffset: 950
Volume: 0.5
Difficulty:
- Overall: 23
  Chordjack: 17.673297500610353
  Handstream: 20.938497734069824
  Jack: 17.37989902496338
  Jumpstream: 25.49249725341797
  Stamina: 24.189862060546876
  Stream: 23.43779640197754
  Technical: 25.87049560546875
  Rate: 100
