Artist: xi
AssetId: rbxassetid://13158965614
CoverImageAssetId: ''
Description: ''
Filename: Akasha
HitSFXGroup: 0
Mapper: nonamed1464
MD5Hash: f8ec15c5eeaa7555499c0d96df1df06e
NotePrebufferTime: 1000
TimeOffset: -75
Volume: 0.5
Difficulty:
- Overall: 39
  Chordjack: 26.735394287109376
  Handstream: 38.19329681396484
  Jack: 23.900394630432128
  Jumpstream: 40.76459884643555
  Stamina: 40.7238395690918
  Stream: 36.69029846191406
  Technical: 38.25179901123047
  Rate: 100
