Artist: Terminal 11
AssetId: rbxassetid://0
CoverImageAssetId: ''
Description: ''
Filename: Staple On Smile
HitSFXGroup: 0
Mapper: hi19hi19
MD5Hash: d6f1673e1d274b980857b1a84c022556
NotePrebufferTime: 1000
TimeOffset: -75
Volume: 0.5
Difficulty:
- Overall: 46
  Chordjack: 31.26420249938965
  Handstream: 26.141394424438477
  Jack: 27.313201332092287
  Jumpstream: 43.70219879150391
  Stamina: 41.63469543457031
  Stream: 45.57959747314453
  Technical: 46.80989456176758
  Rate: 100
