Artist: Primary
AssetId: rbxassetid://10719140723
CoverImageAssetId: ''
Description: ''
Filename: in the Garden (HEAVY)
HitSFXGroup: 0
MD5Hash: 230cb0ecc526e3982d7650fa60bd0a83
NotePrebufferTime: 1000
TimeOffset: -70
Volume: 0.5
Difficulty:
- Overall: 19
  Chordjack: 15.290999794006348
  Handstream: 18.32849636077881
  Jack: 11.960099601745606
  Jumpstream: 24.443095207214355
  Stamina: 24.414106750488283
  Stream: 20.147396278381347
  Technical: 21.694496154785156
  Rate: 100
