Artist: Nijigasaki High School Idol Club
AssetId: rbxassetid://10719161441
CoverImageAssetId: ''
Description: ''
Filename: NEO SKY, NEO MAP! (TV Size)
HitSFXGroup: 0
Mapper: VIVIDDEBUT
MD5Hash: faeddfe769c00a6d3c7ccd96dd2bf009
NotePrebufferTime: 1000
TimeOffset: -75
Volume: 0.5
Difficulty:
- Overall: 16
  Chordjack: 13.490100288391114
  Handstream: 18.10169906616211
  Jack: 14.033700370788575
  Jumpstream: 23.16419563293457
  Stamina: 21.507778358459472
  Stream: 18.788397789001465
  Technical: 22.233596992492675
  Rate: 100
