Artist: MAN WITH A MISSION
AssetId: rbxassetid://0
CoverImageAssetId: ''
Description: ''
Filename: 86 Missed Calls feat. Patrick Stump (NO AUDIO)
HitSFXGroup: 0
Mapper: Xingyue
MD5Hash: bd3e2966bd3a7677449762f1c09834f9
NotePrebufferTime: 1000
TimeOffset: -75
Volume: 0.5
Difficulty:
- Overall: 32
  Chordjack: 36.68309555053711
  Handstream: 23.300996017456054
  Jack: 24.707694053649902
  Jumpstream: 25.68509616851807
  Stamina: 35.24540405273438
  Stream: 20.696396827697754
  Technical: 24.970495605468752
  Rate: 100
