Artist: Memme
AssetId: rbxassetid://10046467689
CoverImageAssetId: ''
Description: ''
Filename: Avalanche (HEAVY)
HitSFXGroup: 0
Mapper: pierceisdyinglol
MD5Hash: 9b6a307803a2892e10a69a57c3e5ac18
NotePrebufferTime: 1000
TimeOffset: -75
Volume: 0.5
Difficulty:
- Overall: 32
  Chordjack: 28.74419460296631
  Handstream: 36.558898544311525
  Jack: 28.218594932556154
  Jumpstream: 37.391397857666014
  Stamina: 36.57556686401367
  Stream: 30.791701126098634
  Technical: 36.253801345825195
  Rate: 100
