Artist: The Ghost of 3.13
AssetId: rbxassetid://10027925367
CoverImageAssetId: ''
Description: ''
Filename: Forgotten (LIGHT)
HitSFXGroup: 0
Mapper: Shoegazer
MD5Hash: 898951dc739cd825d7b2a61c9d60584d
NotePrebufferTime: 1000
TimeOffset: -75
Volume: 0.5
Difficulty:
- Overall: 34
  Chordjack: 30.319203186035157
  Handstream: 35.05679626464844
  Jack: 24.627595138549804
  Jumpstream: 38.906999588012695
  Stamina: 37.58106307983399
  Stream: 37.993493270874026
  Technical: 39.70979804992676
  Rate: 100
