Artist: Nightmare
AssetId: rbxassetid://10046513194
CoverImageAssetId: ''
Description: ''
Filename: Boulafacet (EXTRA)
HitSFXGroup: 0
MD5Hash: a1a5eb90ae81495d00110df8047880c8
NotePrebufferTime: 1000
TimeOffset: -70
Volume: 0.5
Difficulty:
- Overall: 40
  Chordjack: 31.32360076904297
  Handstream: 29.844902801513673
  Jack: 27.940494918823244
  Jumpstream: 36.31049766540527
  Stamina: 34.0857593536377
  Stream: 30.63420181274414
  Technical: 37.072797775268555
  Rate: 100
