Artist: sakuzyo
AssetId: rbxassetid://10698198879
CoverImageAssetId: ''
Description: ''
Filename: Altale (LIGHT)
HitSFXGroup: 0
Mapper: 'Kuo Kyoka'
MD5Hash: 4163ce37fdbe1af8bcb1afbe30b5d5fa
NotePrebufferTime: 1000
TimeOffset: -1520
Volume: 0.5
Difficulty:
- Overall: 8
  Chordjack: 7.272902011871338
  Handstream: 6.939000034332276
  Jack: 5.868900346755981
  Jumpstream: 12.455100631713867
  Stamina: 11.255597019195557
  Stream: 12.790800762176515
  Technical: 12.462300109863282
  Rate: 100
