Artist: yuikonnu & ayaponzu
AssetId: rbxassetid://10080246005
CoverImageAssetId: ''
Description: ''
Filename: Super Nuko World (LIGHT)
HitSFXGroup: 0
Mapper: KingKrafty22
MD5Hash: b1c712be7a33ae4c62720f1c3e32259b
NotePrebufferTime: 1000
TimeOffset: -50
Volume: 0.5
Difficulty:
- Overall: 13
  Chordjack: 9.694801998138429
  Handstream: 8.706601524353028
  Jack: 7.424100494384766
  Jumpstream: 13.107601833343507
  Stamina: 16.27961311340332
  Stream: 16.413299560546875
  Technical: 15.81119899749756
  Rate: 100
