Artist: Toby Fox
AssetId: rbxassetid://10719200522
CoverImageAssetId: ''
Description: ''
Filename: Snowy (HEAVY)
HitSFXGroup: 0
MD5Hash: 1704ac0ca9c4ad0004c1a1410994f1b8
NotePrebufferTime: 1000
TimeOffset: -70
Volume: 0.5
Difficulty:
- Overall: 3
  Chordjack: 3.502801036834717
  Handstream: 4.361400604248047
  Jack: 2.11050066947937
  Jumpstream: 7.124402475357056
  Stamina: 6.100230360031128
  Stream: 6.520499897003174
  Technical: 6.4125000000000005
  Rate: 100
