Artist: DragonForce
AssetId: rbxassetid://10719174421
CoverImageAssetId: ''
Description: ''
Filename: Fury of the Storm (Majin Music Cover) (HEAVY)
HitSFXGroup: 0
MD5Hash: f7a57694f18644cc9d106e3d379200f8
NotePrebufferTime: 1000
TimeOffset: -330
Volume: 0.5
Difficulty:
- Overall: 26
  Chordjack: 23.285695838928223
  Handstream: 20.952896690368654
  Jack: 20.51549835205078
  Jumpstream: 37.29869384765625
  Stamina: 35.17615242004395
  Stream: 35.09189414978027
  Technical: 33.38369865417481
  Rate: 100
