Artist: Musical Masterpiece
AssetId: rbxassetid://10024020697
CoverImageAssetId: ''
Description: ''
Filename: MANIERA
HitSFXGroup: 0
Mapper: adamyes
MD5Hash: 4b80b59830986ca4861ce473726bf75a
NotePrebufferTime: 1000
TimeOffset: -75
Volume: 0.5
Difficulty:
- Overall: 51
  Chordjack: 42.21629791259766
  Handstream: 45.67410049438477
  Jack: 38.656803131103516
  Jumpstream: 46.248297500610356
  Stamina: 45.34195976257325
  Stream: 38.19870071411133
  Technical: 45.241197967529295
  Rate: 100
