Artist: A Korean TV CF
AssetId: rbxassetid://9513194600
CoverImageAssetId: ''
Description: ''
Filename: Oronamin C
HitSFXGroup: 0
Mapper: SunsetKR
MD5Hash: c4727cc2b3daf8defcf682dd15620d42
NotePrebufferTime: 1000
TimeOffset: 20
Volume: 0.5
Difficulty:
- Overall: 35
  Chordjack: 33.259408950805664
  Handstream: 27.92637062072754
  Jack: 23.164374160766602
  Jumpstream: 32.54498519897461
  Stamina: 28.512108421325685
  Stream: 32.60573616027832
  Technical: 33.05043182373047
  Rate: 100
