Artist: Rairyu
AssetId: rbxassetid://10064839138
CoverImageAssetId: ''
Description: ''
Filename: ra'am (HEAVY)
HitSFXGroup: 0
Mapper: Shana Lesus
MD5Hash: 727b167a5c4a9311a3d2762c233ae312
NotePrebufferTime: 1000
TimeOffset: -70
Volume: 0.5
Difficulty:
- Overall: 39
  Chordjack: 35.99819755554199
  Handstream: 37.47869453430176
  Jack: 28.064695358276367
  Jumpstream: 40.618799972534184
  Stamina: 38.85642127990723
  Stream: 29.059201812744142
  Technical: 38.778298187255864
  Rate: 100
