Artist: Rick Astley
AssetId: rbxassetid://13025189694
CoverImageAssetId: ''
Description: ''
Filename: Never Gonna Give You Up (Camellia Remix)
HitSFXGroup: 0
Mapper: SureFir3
MD5Hash: 7fa79ae2541c356944f3c940a03c6361
NotePrebufferTime: 1000
TimeOffset: -75
Volume: 0.5
Difficulty:
- Overall: 45
  Chordjack: 47.95199546813965
  Handstream: 34.627495193481444
  Jack: 28.794599533081055
  Jumpstream: 36.497697830200195
  Stamina: 46.78697090148926
  Stream: 27.618295097351076
  Technical: 33.34589881896973
  Rate: 100
