Artist: s-don
AssetId: rbxassetid://10024753919
CoverImageAssetId: rbxassetid://6889130794
Description: ''
Filename: Malicious Mischance (LIGHT)
HitSFXGroup: 0
Mapper: Slick6969
MD5Hash: 104e1d411c7aa0322bb7b71c60166de6
NotePrebufferTime: 1000
TimeOffset: -75
Volume: 0.5
Difficulty:
- Overall: 26
  Chordjack: 20.83769817352295
  Handstream: 26.018994712829592
  Jack: 20.389500617980957
  Jumpstream: 28.77659912109375
  Stamina: 24.607847213745117
  Stream: 23.993095207214356
  Technical: 28.896302032470704
  Rate: 100
