Artist: Sakuzyo
AssetId: rbxassetid://10023958266
CoverImageAssetId: rbxassetid://8357330170
Description: ''
Filename: Fracture Ray (EXTRA)
HitSFXGroup: 0
Mapper: rinstea
MD5Hash: 2a5b31fa5bf070177f5b67e3f0d94ad5
NotePrebufferTime: 1000
TimeOffset: -70
Volume: 0.5
Difficulty:
- Overall: 53
  Chordjack: 36.809997940063475
  Handstream: 41.49359664916992
  Jack: 28.716299629211427
  Jumpstream: 43.68509788513184
  Stamina: 43.42966575622559
  Stream: 47.263496017456056
  Technical: 49.031996154785155
  Rate: 100
