Artist: Kaneko Chiharu
AssetId: rbxassetid://10036692314
CoverImageAssetId: ''
Description: ''
Filename: WHITEOUT (HEAVY)
HitSFXGroup: 0
Mapper: Fresh Chicken
MD5Hash: e5070b67bf9d6e0206db97f4b609673e
NotePrebufferTime: 1000
TimeOffset: 385
Volume: 4
Difficulty:
- Overall: 34
  Chordjack: 28.349993133544924
  Handstream: 32.27039909362793
  Jack: 25.14059658050537
  Jumpstream: 39.59999656677246
  Stamina: 38.287851333618164
  Stream: 35.37449684143066
  Technical: 37.041297912597656
  Rate: 100
