Artist: Kiyoshi Hikawa
AssetId: rbxassetid://10719197936
CoverImageAssetId: ''
Description: ''
Filename: Limit-Break x Survivor (HEAVY)
HitSFXGroup: 0
MD5Hash: fda0148c85f386945b7c22e3ceba8169
NotePrebufferTime: 900
TimeOffset: -60
Volume: 0.5
Difficulty:
- Overall: 18
  Chordjack: 13.584599876403809
  Handstream: 18.321298599243164
  Jack: 12.867301654815675
  Jumpstream: 21.035697555541994
  Stamina: 19.0069450378418
  Stream: 19.71899642944336
  Technical: 21.961796951293945
  Rate: 100
