Artist: Simi
AssetId: rbxassetid://2246570303
CoverImageAssetId: ''
Description: ''
Filename: Megapotman (Mekuso Remix Melody Arrange)
HitSFXGroup: 0
Mapper: Civilization
MD5Hash: d6c6bd2ca11a0bf252ce867c21a59964
NotePrebufferTime: 1000
TimeOffset: -70
Volume: 0.5
Difficulty:
- Overall: 37
  Chordjack: 33.2666976928711
  Handstream: 34.78949546813965
  Jack: 29.491204833984376
  Jumpstream: 37.71720085144043
  Stamina: 36.283989715576176
  Stream: 35.714698791503906
  Technical: 40.67009925842285
  Rate: 100
