Artist: xi
AssetId: rbxassetid://10064708120
CoverImageAssetId: ''
Description: ''
Filename: Freedom Dive (tpz Overcute Remix) (HEAVY)
HitSFXGroup: 0
Mapper: BluElecS
MD5Hash: 56946a1170b4cae80db71613c4766344
NotePrebufferTime: 1000
TimeOffset: -75
Volume: 0.5
Difficulty:
- Overall: 40
  Chordjack: 28.35629482269287
  Handstream: 34.06140060424805
  Jack: 23.61599807739258
  Jumpstream: 43.5689998626709
  Stamina: 42.74652557373047
  Stream: 42.672601318359376
  Technical: 39.884398269653325
  Rate: 100
