Artist: xi 
AssetId: rbxassetid://10043823837
CoverImageAssetId: rbxassetid://6673442077
Description: ''
Filename: FREEDOM DiVE
HitSFXGroup: 0
Mapper: razlteh
MD5Hash: be6de7b1233ef3137a96d6fb56787a79
NotePrebufferTime: 800
TimeOffset: -230
Volume: 0.5
Difficulty:
- Overall: 21
  Chordjack: 14.177699375152589
  Handstream: 12.944700336456298
  Jack: 13.126501750946046
  Jumpstream: 22.004096031188965
  Stamina: 21.5901912689209
  Stream: 22.66469707489014
  Technical: 22.76729736328125
  Rate: 100
