Artist: lapix
AssetId: rbxassetid://10724390114
CoverImageAssetId: ''
Description: ''
Filename: NEO TREASON (HEAVY)
HitSFXGroup: 0
MD5Hash: f2047e3a33fb79231de7d15e90336459
NotePrebufferTime: 1000
TimeOffset: -70
Volume: 0.5
Difficulty:
- Overall: 28
  Chordjack: 21.940196800231934
  Handstream: 21.320095825195313
  Jack: 20.816096305847168
  Jumpstream: 33.24689826965332
  Stamina: 31.527987670898437
  Stream: 31.521598434448244
  Technical: 30.61080093383789
  Rate: 100
