Artist: RichhardEB
AssetId: rbxassetid://1680671339
CoverImageAssetId: ''
Description: ''
Filename: Black (Metal Cover) (LIGHT)
HitSFXGroup: 0
MD5Hash: 98f5276097bbab3044215f9662094bbb
NotePrebufferTime: 1000
TimeOffset: -70
Volume: 0.5
Difficulty:
- Overall: 16
  Chordjack: 12.280500411987305
  Handstream: 11.68830041885376
  Jack: 13.649400329589843
  Jumpstream: 13.411800384521484
  Stamina: 19.941553688049318
  Stream: 23.084096717834473
  Technical: 22.5818962097168
  Rate: 100
