Artist: t+pazolite
AssetId: rbxassetid://10698319760
CoverImageAssetId: ''
Description: ''
Filename: Censored!! (HEAVY)
HitSFXGroup: 0
Mapper: 'rinstea'
MD5Hash: 0b434b62eac27984008acdb45f076af7
NotePrebufferTime: 1000
TimeOffset: 0
Volume: 0.5
Difficulty:
- Overall: 28
  Chordjack: 26.180994987487793
  Handstream: 24.924593353271487
  Jack: 19.60649814605713
  Jumpstream: 31.869003295898438
  Stamina: 29.173751449584962
  Stream: 27.04229564666748
  Technical: 31.69260063171387
  Rate: 100
