Artist: Camellia
AssetId: rbxassetid://10024114377
CoverImageAssetId: rbxassetid://8359953329
Description: ''
Filename: Dyscontrolled Galaxy (EXTRA)
HitSFXGroup: 0
Mapper: Jakads
MD5Hash: 60fd0841740a0d00114c23cee957e47d
NotePrebufferTime: 1000
TimeOffset: -70
Volume: 0.5
Difficulty:
- Overall: 48
  Chordjack: 43.63649711608887
  Handstream: 44.36369590759278
  Jack: 37.50299835205078
  Jumpstream: 44.506796264648436
  Stamina: 41.044945907592776
  Stream: 34.112696456909184
  Technical: 46.4156982421875
  Rate: 100
