Artist: Manowar
AssetId: rbxassetid://10693721387
CoverImageAssetId: ''
Description: ''
Filename: The Last Winged Unicorn (MEME)
HitSFXGroup: 0
MD5Hash: 5a23d74e7b65051dc11de07f63f6585d
NotePrebufferTime: 1000
TimeOffset: 70
Volume: 0.5
Difficulty:
- Overall: 0
  Chordjack: 38.577598571777344
  Handstream: 36.88919563293457
  Jack: 39.293096923828124
  Jumpstream: 66.19229736328126
  Stamina: 66.12611160278321
  Stream: 52.25669288635254
  Technical: 59.261400604248045
  Rate: 100
