Artist: TamaDo
AssetId: rbxassetid://13155651619
CoverImageAssetId: ''
Description: ''
Filename: Triumphal Return
HitSFXGroup: 0
Mapper: doudou031011
MD5Hash: cb9d8af935a651a7e22b679e1c6fc3bb
NotePrebufferTime: 1000
TimeOffset: -75
Volume: 0.5
Difficulty:
- Overall: 48
  Chordjack: 50.81489524841309
  Handstream: 31.454101181030275
  Jack: 28.465200233459473
  Jumpstream: 33.04619865417481
  Stamina: 47.842952728271484
  Stream: 27.29879379272461
  Technical: 31.600799560546875
  Rate: 100
