Artist: SAINT PEPSI
AssetId: rbxassetid://13642358514
CoverImageAssetId: ''
Description: ''
Filename: tell me
HitSFXGroup: 0
Mapper: '[LS]SureFir3'
MD5Hash: edb9954b2096ac1aeb8e55de35305dea
NotePrebufferTime: 1000
TimeOffset: -75
Volume: 0.5
Difficulty:
- Overall: 39
  Chordjack: 24.146095275878906
  Handstream: 33.50429763793945
  Jack: 18.894597816467286
  Jumpstream: 36.26729736328125
  Stamina: 38.02688484191895
  Stream: 39.523497390747075
  Technical: 37.94399642944336
  Rate: 100
